0 0.00532
0.01064 0.01332
0.01064 0.02164
0.02928 0.01332
0.02928 0.02164
0.0376 0.02164
0.0376 0.02996
0.04792 0.02796
0.04792 0.03628
0.05624 0.03628
0.05624 0.0446
0.06456 0.0446
0.06456 0.05292
0.07288 0.05292
0.07288 0.06124
0.0812 0.06124
0.0812 0.06956
0.08952 0.06956
0.08952 0.07788
0.09784 0.07788
0.09784 0.0862
0.10616 0.0862
0.10616 0.09452
0.11448 0.09452
0.11448 0.10284
0.1228 0.10284
0.1228 0.11116
0.13112 0.11116
0.13112 0.11948
0.13944 0.11948
0.13944 0.1278
0.14776 0.1278
0.14776 0.13612
0.15608 0.13612
0.15608 0.14444
0.1644 0.14444
0.1644 0.15276
0.17272 0.15276
0.17272 0.16108
0.18104 0.16108
0.18936 0.16108
0.19768 0.16108
0.206 0.16108
0.21432 0.16108
0.22264 0.16108
0.23096 0.16108
0.23928 0.16108
0.2476 0.16108
0.25592 0.16108
0.26424 0.16108
0.27256 0.16108
0.28088 0.16108
0.2892 0.16108
0.29752 0.16108
0.30584 0.16108
0.31416 0.16108
0.32248 0.16108
0.3308 0.16108
0.33912 0.16108
0.34744 0.16108
0.35576 0.16108
0.36408 0.16108
0.3724 0.16108
0.38072 0.16108
0.38904 0.16108
0.39736 0.16108
0.40568 0.16108
0.414 0.16108
0.42232 0.16108
0.43064 0.16108
0.43896 0.16108
0.44728 0.16108
0.4556 0.16108
0.46392 0.16108
0.47224 0.16108
0.48056 0.16108
0.48888 0.16108
0.4972 0.16108
0.50552 0.16108
0.51384 0.16108
0.52216 0.16108
0.53048 0.16108
0.5388 0.16108
0.54712 0.16108
0.55544 0.16108
0.56376 0.16108
0.57208 0.16108
0.5804 0.16108
0.58872 0.16108
0.59704 0.16108
0.60536 0.16108
0.61368 0.16108
0.622 0.16108
0.63032 0.16108
0.63864 0.16108
0.64696 0.16108
0.65528 0.16108
0.6636 0.16108
0.67192 0.16108
0.68024 0.16108
0.68856 0.16108
0.69688 0.16108
0.7052 0.16108
0.71352 0.16108
0.72184 0.16108
0.73016 0.16108
0.73848 0.16108
0.7468 0.16108
0.75512 0.16108
0.76344 0.16108
0.77176 0.16108
0.78008 0.16108
0.7884 0.16108
0.79672 0.16108
0.80504 0.16108
0.81336 0.16108
0.82168 0.16108
0.83 0.16108
0.83832 0.16108
0.84664 0.16108
0.85496 0.16108
0.86328 0.16108
0.8716 0.16108
0.87992 0.16108
0.88824 0.16108
0.89656 0.16108
0.90488 0.16108
0.9132 0.16108
0.92152 0.16108
0.92984 0.16108
0.93816 0.16108
0.94648 0.16108
0.9548 0.16108
0.96312 0.16108
0.97144 0.16108
0.97976 0.16108
0.98808 0.16108
0.9964 0.16108
1.00472 0.16108
1.01304 0.16108
1.02136 0.16108
1.02968 0.16108
1.038 0.16108
1.04632 0.16108
1.05464 0.16108
1.06296 0.16108
1.07128 0.16108
1.0796 0.16108
1.08792 0.16108
1.09624 0.16108
1.10456 0.16108
1.11288 0.16108
1.1212 0.16108
1.12952 0.16108
1.13784 0.16108
1.14616 0.16108
1.15448 0.16108
1.1628 0.16108
1.17112 0.16108
1.17944 0.16108
1.18776 0.16108
1.19608 0.16108
1.2044 0.16108
1.21272 0.16108
1.22104 0.16108
1.22936 0.16108
1.23768 0.16108
1.246 0.16108
1.25432 0.16108
1.26264 0.16108
1.27096 0.16108
1.27928 0.16108
1.2876 0.16108
1.29592 0.16108
1.30424 0.16108
1.31256 0.16108
1.32088 0.16108
1.3292 0.16108
1.33752 0.16108
1.34584 0.16108
1.35416 0.16108
1.36248 0.16108
1.3708 0.16108
1.37912 0.16108
1.38744 0.16108
1.39576 0.16108
1.40408 0.16108
1.4124 0.16108
1.42072 0.16108
1.42904 0.16108
1.43736 0.16108
1.44568 0.16108
1.454 0.16108
1.46232 0.16108
1.47064 0.16108
1.47896 0.16108
1.48728 0.16108
1.4956 0.16108
1.50392 0.16108
1.51224 0.16108
1.52056 0.16108
1.52888 0.16108
1.5372 0.16108
1.54552 0.16108
1.55384 0.16108
1.56216 0.16108
1.57048 0.16108
1.5788 0.16108
1.58712 0.16108
1.59544 0.16108
1.60376 0.16108
1.61208 0.16108
1.6204 0.16108
1.62872 0.16108
1.63704 0.16108
1.64536 0.16108
1.65368 0.16108
1.662 0.16108
1.67032 0.16108
1.67864 0.16108
1.68696 0.16108
1.69528 0.16108
1.7036 0.16108
1.71192 0.16108
1.72024 0.16108
1.72856 0.16108
1.73688 0.16108
1.7452 0.16108
1.75352 0.16108
1.76184 0.16108
1.77016 0.16108
1.77848 0.16108
1.7868 0.16108
1.79512 0.16108
1.80344 0.16108
1.81176 0.16108
1.82008 0.16108
1.8284 0.16108
1.83672 0.16108
1.84504 0.16108
1.85336 0.16108
1.86168 0.16108
1.87 0.16108
1.87832 0.16108
1.88664 0.16108
1.89496 0.16108
1.90328 0.16108
1.9116 0.16108
1.91992 0.16108
1.92824 0.16108
1.93656 0.16108
1.94488 0.16108
1.9532 0.16108
1.96152 0.16108
1.96984 0.16108
1.97816 0.16108
1.98648 0.16108
1.9948 0.16108
2.00312 0.16108
2.01144 0.16108
2.01976 0.16108
2.02808 0.16108
2.0364 0.16108
2.04472 0.16108
2.05304 0.16108
2.06136 0.16108
2.06968 0.16108
2.078 0.16108
2.08632 0.16108
2.09464 0.16108
2.10296 0.16108
2.11128 0.16108
2.1196 0.16108
2.12792 0.16108
2.13624 0.16108
2.14456 0.16108
2.15288 0.16108
2.1612 0.16108
2.16952 0.16108
2.17784 0.16108
2.18616 0.16108
2.19448 0.16108
2.2028 0.16108
2.21112 0.16108
2.21944 0.16108
2.22776 0.16108
2.23608 0.16108
2.2444 0.16108
2.25272 0.16108
2.26104 0.16108
2.26936 0.16108
2.27768 0.16108
2.286 0.16108
2.29432 0.16108
2.30264 0.16108
2.31096 0.16108
2.31928 0.16108
2.3276 0.16108
2.33592 0.16108
2.34424 0.16108
2.35256 0.16108
2.36088 0.16108
2.3692 0.16108
2.37752 0.16108
2.38584 0.16108
2.39416 0.16108
2.40248 0.16108
2.4108 0.16108
2.41912 0.16108
2.42744 0.16108
2.43576 0.16108
2.44408 0.16108
2.4524 0.16108
2.46072 0.16108
2.46904 0.16108
2.47736 0.16108
2.48568 0.16108
2.494 0.16108
2.50232 0.16108
2.51064 0.16108
2.51896 0.16108
2.52728 0.16108
2.5356 0.16108
2.54392 0.16108
2.55224 0.16108
2.56056 0.16108
2.56888 0.16108
2.5772 0.16108
2.58552 0.16108
2.59384 0.16108
2.60216 0.16108
2.61048 0.16108
2.6188 0.16108
2.62712 0.16108
2.63544 0.16108
2.64376 0.16108
2.65208 0.16108
2.6604 0.16108
2.66872 0.16108
2.67704 0.16108
2.68536 0.16108
2.69368 0.16108
2.702 0.16108
2.71032 0.16108
2.71864 0.16108
2.72696 0.16108
2.73528 0.16108
2.7436 0.16108
2.75192 0.16108
2.76024 0.16108
2.76856 0.16108
2.77688 0.16108
2.7852 0.16108
2.79352 0.16108
2.80184 0.16108
2.81016 0.16108
2.81848 0.16108
2.8268 0.16108
2.83512 0.16108
2.84344 0.16108
2.85176 0.16108
2.86008 0.16108
2.8684 0.16108
2.87672 0.16108
2.88504 0.16108
2.89336 0.16108
2.90168 0.16108
2.91 0.16108
2.91832 0.16108
2.92664 0.16108
2.93496 0.16108
2.94328 0.16108
2.9516 0.16108
2.95992 0.16108
2.96824 0.16108
2.97656 0.16108
2.98488 0.16108
2.9932 0.16108
3.00152 0.16108
3.00984 0.16108
3.01816 0.16108
3.02648 0.16108
3.0348 0.16108
3.04312 0.16108
3.05144 0.16108
3.05976 0.16108
3.06808 0.16108
3.0764 0.16108
3.08472 0.16108
3.09304 0.16108
3.10136 0.16108
3.10968 0.16108
3.118 0.16108
3.12632 0.16108
3.13464 0.16108
3.14296 0.16108
3.15128 0.16108
3.1596 0.16108
3.16792 0.16108
3.17624 0.16108
3.18456 0.16108
3.19288 0.16108
3.2012 0.16108
3.20952 0.16108
3.21784 0.16108
3.22616 0.16108
3.23448 0.16108
3.2428 0.16108
3.25112 0.16108
3.25944 0.16108
3.26776 0.16108
3.27608 0.16108
3.2844 0.16108
3.29272 0.16108
3.30104 0.16108
3.30936 0.16108
3.31768 0.16108
3.326 0.16108
3.33432 0.16108
3.34264 0.16108
3.35096 0.16108
3.35928 0.16108
3.3676 0.16108
3.37592 0.16108
3.38424 0.16108
3.39256 0.16108
3.40088 0.16108
3.4092 0.16108
3.41752 0.16108
3.42584 0.16108
3.43416 0.16108
3.44248 0.16108
3.4508 0.16108
3.45912 0.16108
3.46744 0.16108
3.47576 0.16108
3.48408 0.16108
3.4924 0.16108
3.50072 0.16108
3.50904 0.16108
3.51736 0.16108
3.52568 0.16108
3.534 0.16108
3.54232 0.16108
3.55064 0.16108
3.55896 0.16108
3.56728 0.16108
3.5756 0.16108
3.58392 0.16108
3.59224 0.16108
3.60056 0.16108
3.60888 0.16108
3.6172 0.16108
3.62552 0.16108
3.63384 0.16108
3.64216 0.16108
3.65048 0.16108
3.6588 0.16108
3.66712 0.16108
3.67544 0.16108
3.68376 0.16108
3.69208 0.16108
3.7004 0.16108
3.70872 0.16108
3.71704 0.16108
3.72536 0.16108
3.73368 0.16108
3.742 0.16108
3.75032 0.16108
3.75864 0.16108
3.76696 0.16108
3.77528 0.16108
3.7836 0.16108
3.79192 0.16108
3.80024 0.16108
3.80856 0.16108
3.81688 0.16108
3.8252 0.16108
3.83352 0.16108
3.84184 0.16108
3.85016 0.16108
3.85848 0.16108
3.8668 0.16108
3.87512 0.16108
3.88344 0.16108
3.89176 0.16108
3.90008 0.16108
3.9084 0.16108
3.91672 0.16108
3.92504 0.16108
3.93336 0.16108
3.94168 0.16108
3.95 0.16108
3.95832 0.16108
3.96664 0.16108
3.97496 0.16108
3.98328 0.16108
3.9916 0.16108
3.99992 0.16108
4.00824 0.16108
4.01656 0.16108
4.02488 0.16108
4.0332 0.16108
4.04152 0.16108
4.04984 0.16108
4.05816 0.16108
4.06648 0.16108
4.0748 0.16108
4.08312 0.16108
4.09144 0.16108
4.09976 0.16108
4.10808 0.16108
4.1164 0.16108
4.12472 0.16108
4.13304 0.16108
4.14136 0.16108
4.14968 0.16108
4.158 0.16108
4.16632 0.16108
4.17464 0.16108
4.18296 0.16108
4.19128 0.16108
4.1996 0.16108
4.20792 0.16108
4.21624 0.16108
4.22456 0.16108
4.23288 0.16108
4.2412 0.16108
4.24952 0.16108
4.25784 0.16108
4.26616 0.16108
4.27448 0.16108
4.2828 0.16108
4.29112 0.16108
4.29944 0.16108
4.30776 0.16108
4.31608 0.16108
4.3244 0.16108
4.33272 0.16108
4.34104 0.16108
4.34936 0.16108
4.35768 0.16108
4.366 0.16108
4.37432 0.16108
4.38264 0.16108
4.39096 0.16108
4.39928 0.16108
