0.00532 60150.4
0.02396 694491
0.03228 773234
0.0426 781221
0.05092 816968
0.05924 842674
0.06756 862049
0.07588 877174
0.0842 889311
0.09252 899265
0.10084 907576
0.10916 914621
0.11748 920667
0.1258 925914
0.13412 930510
0.14244 934569
0.15076 938180
0.15908 941413
0.1674 944325
0.17572 946961
0.18404 949359
0.19236 951549
0.20068 953558
0.209 955407
0.21732 957114
0.22564 958695
0.23396 960164
0.24228 961532
0.2506 962809
0.25892 964004
0.26724 965125
0.27556 966178
0.28388 967169
0.2922 968104
0.30052 968987
0.30884 969823
0.31716 970614
0.32548 971365
0.3338 972079
0.34212 972758
0.35044 973405
0.35876 974022
0.36708 974610
0.3754 975173
0.38372 975711
0.39204 976227
0.40036 976721
0.40868 977195
0.417 977650
0.42532 978087
0.43364 978508
0.44196 978912
0.45028 979302
0.4586 979677
0.46692 980039
0.47524 980389
0.48356 980726
0.49188 981052
0.5002 981367
0.50852 981672
0.51684 981967
0.52516 982253
0.53348 982530
0.5418 982798
0.55012 983058
0.55844 983311
0.56676 983556
0.57508 983794
0.5834 984025
0.59172 984249
0.60004 984468
0.60836 984680
0.61668 984887
0.625 985088
0.63332 985284
0.64164 985475
0.64996 985661
0.65828 985842
0.6666 986019
0.67492 986191
0.68324 986359
0.69156 986523
0.69988 986683
0.7082 986840
0.71652 986993
0.72484 987142
0.73316 987288
0.74148 987431
0.7498 987570
0.75812 987706
0.76644 987840
0.77476 987970
0.78308 988098
0.7914 988223
0.79972 988346
0.80804 988466
0.81636 988583
0.82468 988699
0.833 988812
0.84132 988922
0.84964 989031
0.85796 989137
0.86628 989241
0.8746 989344
0.88292 989444
0.89124 989543
0.89956 989639
0.90788 989734
0.9162 989828
0.92452 989919
0.93284 990009
0.94116 990097
0.94948 990184
0.9578 990269
0.96612 990353
0.97444 990436
0.98276 990517
0.99108 990596
0.9994 990674
1.00772 990751
1.01604 990827
1.02436 990902
1.03268 990975
1.041 991047
1.04932 991118
1.05764 991188
1.06596 991257
1.07428 991324
1.0826 991391
1.09092 991457
1.09924 991521
1.10756 991585
1.11588 991648
1.1242 991710
1.13252 991771
1.14084 991831
1.14916 991890
1.15748 991948
1.1658 992005
1.17412 992062
1.18244 992118
1.19076 992173
1.19908 992227
1.2074 992281
1.21572 992334
1.22404 992386
1.23236 992437
1.24068 992488
1.249 992538
1.25732 992587
1.26564 992636
1.27396 992684
1.28228 992732
1.2906 992779
1.29892 992825
1.30724 992870
1.31556 992916
1.32388 992960
1.3322 993004
1.34052 993047
1.34884 993090
1.35716 993133
1.36548 993175
1.3738 993216
1.38212 993257
1.39044 993297
1.39876 993337
1.40708 993376
1.4154 993415
1.42372 993454
1.43204 993492
1.44036 993529
1.44868 993567
1.457 993603
1.46532 993640
1.47364 993676
1.48196 993711
1.49028 993746
1.4986 993781
1.50692 993815
1.51524 993849
1.52356 993883
1.53188 993916
1.5402 993949
1.54852 993981
1.55684 994014
1.56516 994045
1.57348 994077
1.5818 994108
1.59012 994139
1.59844 994169
1.60676 994200
1.61508 994229
1.6234 994259
1.63172 994288
1.64004 994317
1.64836 994346
1.65668 994374
1.665 994402
1.67332 994430
1.68164 994458
1.68996 994485
1.69828 994512
1.7066 994539
1.71492 994565
1.72324 994592
1.73156 994618
1.73988 994643
1.7482 994669
1.75652 994694
1.76484 994719
1.77316 994744
1.78148 994768
1.7898 994793
1.79812 994817
1.80644 994841
1.81476 994864
1.82308 994888
1.8314 994911
1.83972 994934
1.84804 994957
1.85636 994979
1.86468 995002
1.873 995024
1.88132 995046
1.88964 995068
1.89796 995089
1.90628 995111
1.9146 995132
1.92292 995153
1.93124 995174
1.93956 995195
1.94788 995215
1.9562 995236
1.96452 995256
1.97284 995276
1.98116 995296
1.98948 995315
1.9978 995335
2.00612 995354
2.01444 995373
2.02276 995392
2.03108 995411
2.0394 995430
2.04772 995449
2.05604 995467
2.06436 995485
2.07268 995503
2.081 995521
2.08932 995539
2.09764 995557
2.10596 995574
2.11428 995592
2.1226 995609
2.13092 995626
2.13924 995643
2.14756 995660
2.15588 995677
2.1642 995694
2.17252 995710
2.18084 995726
2.18916 995743
2.19748 995759
2.2058 995775
2.21412 995791
2.22244 995806
2.23076 995822
2.23908 995838
2.2474 995853
2.25572 995868
2.26404 995883
2.27236 995899
2.28068 995913
2.289 995928
2.29732 995943
2.30564 995958
2.31396 995972
2.32228 995987
2.3306 996001
2.33892 996015
2.34724 996029
2.35556 996043
2.36388 996057
2.3722 996071
2.38052 996085
2.38884 996099
2.39716 996112
2.40548 996126
2.4138 996139
2.42212 996152
2.43044 996165
2.43876 996178
2.44708 996191
2.4554 996204
2.46372 996217
2.47204 996230
2.48036 996242
2.48868 996255
2.497 996268
2.50532 996280
2.51364 996292
2.52196 996304
2.53028 996317
2.5386 996329
2.54692 996341
2.55524 996353
2.56356 996364
2.57188 996376
2.5802 996388
2.58852 996399
2.59684 996411
2.60516 996422
2.61348 996434
2.6218 996445
2.63012 996456
2.63844 996468
2.64676 996479
2.65508 996490
2.6634 996501
2.67172 996512
2.68004 996522
2.68836 996533
2.69668 996544
2.705 996555
2.71332 996565
2.72164 996576
2.72996 996586
2.73828 996596
2.7466 996607
2.75492 996617
2.76324 996627
2.77156 996637
2.77988 996647
2.7882 996657
2.79652 996667
2.80484 996677
2.81316 996687
2.82148 996697
2.8298 996706
2.83812 996716
2.84644 996726
2.85476 996735
2.86308 996745
2.8714 996754
2.87972 996764
2.88804 996773
2.89636 996782
2.90468 996791
2.913 996801
2.92132 996810
2.92964 996819
2.93796 996828
2.94628 996837
2.9546 996846
2.96292 996854
2.97124 996863
2.97956 996872
2.98788 996881
2.9962 996889
3.00452 996898
3.01284 996907
3.02116 996915
3.02948 996924
3.0378 996932
3.04612 996940
3.05444 996949
3.06276 996957
3.07108 996965
3.0794 996973
3.08772 996982
3.09604 996990
3.10436 996998
3.11268 997006
3.121 997014
3.12932 997022
3.13764 997030
3.14596 997037
3.15428 997045
3.1626 997053
3.17092 997061
3.17924 997068
3.18756 997076
3.19588 997084
3.2042 997091
3.21252 997099
3.22084 997106
3.22916 997114
3.23748 997121
3.2458 997129
3.25412 997136
3.26244 997143
3.27076 997151
3.27908 997158
3.2874 997165
3.29572 997172
3.30404 997179
3.31236 997186
3.32068 997193
3.329 997200
3.33732 997207
3.34564 997214
3.35396 997221
3.36228 997228
3.3706 997235
3.37892 997242
3.38724 997248
3.39556 997255
3.40388 997262
3.4122 997269
3.42052 997275
3.42884 997282
3.43716 997288
3.44548 997295
3.4538 997302
3.46212 997308
3.47044 997314
3.47876 997321
3.48708 997327
3.4954 997334
3.50372 997340
3.51204 997346
3.52036 997353
3.52868 997359
3.537 997365
3.54532 997371
3.55364 997377
3.56196 997383
3.57028 997390
3.5786 997396
3.58692 997402
3.59524 997408
3.60356 997414
3.61188 997420
3.6202 997426
3.62852 997431
3.63684 997437
3.64516 997443
3.65348 997449
3.6618 997455
3.67012 997461
3.67844 997466
3.68676 997472
3.69508 997478
3.7034 997483
3.71172 997489
3.72004 997495
3.72836 997500
3.73668 997506
3.745 997511
3.75332 997517
3.76164 997522
3.76996 997528
3.77828 997533
3.7866 997539
3.79492 997544
3.80324 997549
3.81156 997555
3.81988 997560
3.8282 997565
3.83652 997571
3.84484 997576
3.85316 997581
3.86148 997586
3.8698 997592
3.87812 997597
3.88644 997602
3.89476 997607
3.90308 997612
3.9114 997617
3.91972 997622
3.92804 997627
3.93636 997632
3.94468 997637
3.953 997642
3.96132 997647
3.96964 997652
3.97796 997657
3.98628 997662
3.9946 997667
4.00292 997672
4.01124 997677
4.01956 997681
4.02788 997686
4.0362 997691
4.04452 997696
4.05284 997700
4.06116 997705
4.06948 997710
4.0778 997714
4.08612 997719
4.09444 997724
4.10276 997728
4.11108 997733
4.1194 997738
4.12772 997742
4.13604 997747
4.14436 997751
4.15268 997756
4.161 997760
4.16932 997765
4.17764 997769
4.18596 997774
4.19428 997778
4.2026 997782
4.21092 997787
4.21924 997791
4.22756 997795
4.23588 997800
4.2442 997804
4.25252 997808
4.26084 997813
4.26916 997817
4.27748 997821
4.2858 997825
4.29412 997830
4.30244 997834
4.31076 997838
4.31908 997842
4.3274 997846
4.33572 997850
4.34404 997855
4.35236 997859
4.36068 997863
4.369 997867
4.37732 997871
4.38564 997875
4.39396 997879
4.40228 997883
4.4106 997887
4.41892 997891
4.42724 997895
4.43556 997899
4.44388 997903
4.4522 997907
4.46052 997911
4.46884 997914
4.47716 997918
4.48548 997922
4.4938 997926
4.50212 997930
4.51044 997934
4.51876 997937
4.52708 997941
4.5354 997945
4.54372 997949
4.55204 997953
4.56036 997956
