0.210685 1518.86
0.403724 41216.3
0.529134 47171.4
0.627848 53006.5
0.637794 65224.8
0.776157 64316.9
0.94691 61505.3
1.11581 59651.6
1.19577 62620.9
2.14174 38846.9
2.20304 41542.5
2.24452 44481.7
2.30613 46901.2
2.32768 50041.2
2.38759 52270.3
2.41093 55215.1
2.43081 58186.4
2.49578 60005.2
2.62735 60167
3.5504 46867.9
3.66332 47694.5
3.73472 49010.3
3.74469 51101.7
3.77462 52900.6
3.79446 54816.8
3.8834 55703.7
3.93316 57114.4
3.94326 59078
4.03264 59831.7
4.0924 60991.1
4.14193 62270.4
4.16177 63972.8
4.1816 65659.1
4.22078 67020.8
4.284 67973.8
4.36374 68638.4
4.38369 70223.9
4.50272 70215.3
4.53269 71586.6
4.95031 67228.1
5.91591 57661.4
5.97818 58452.6
6.30421 56749.4
6.32388 57888.5
6.41444 58368.3
7.77903 49198.9
7.89985 49499.7
7.9316 50350.5
7.95117 51273
8.05454 51647.9
8.06439 52616.5
8.07423 53582.8
8.09383 54481
8.11356 55374
8.231 55594.7
8.26238 56390.5
8.32153 56989.5
8.33792 57875.4
8.34778 58803.6
8.36836 59653.2
8.40851 60357.9
8.41868 61273.3
8.44208 62088.9
8.49363 62691.7
8.58889 62965.1
9.6533 56884.2
9.72425 57324.8
9.89892 57153.7
10.001 57402.2
10.0325 58051.3
10.1434 58237
10.2127 58656.1
10.2227 59413.1
10.2739 59926.9
10.3601 60230.9
10.4189 60689.7
10.4828 61113.2
10.5224 61674.2
10.595 62037
10.6568 62457.9
10.6884 63051.8
10.7545 63437.5
10.7742 64093.8
10.8344 64505.5
10.8444 65213.6
12.215 58577.1
12.2464 59106.5
12.2684 59678.6
12.3414 59999.6
12.3709 60528.9
12.5913 60130.4
12.6412 60551.4
12.6724 61058.7
12.7125 61520.8
12.7321 62079.2
12.7815 62490.5
12.8324 62890.8
12.8423 63490.3
12.8931 63885.4
29.6203 28088.8
29.7358 28259.5
29.7982 28479.6
30.0863 28483.4
30.6251 28254
30.7348 28423.8
30.8748 28564.4
33.083 26909.3
33.1824 27079.4
33.2219 27297.6
33.3324 27456.8
34.879 26477.9
34.9721 26645.2
35.0119 26852.6
35.1667 26971
35.4025 27026.3
35.4334 27237.6
35.4545 27456
35.7604 27453.9
36.0893 27434.2
36.0992 27657.2
36.109 27880
36.1839 28052.3
36.2675 28217
36.7051 28107.3
36.7279 28316.4
36.8901 28417.4
37.0084 28551.4
37.3323 28526.5
37.3422 28741.8
37.4252 28900.3
38.0374 28653.9
38.1487 28788.4
38.1804 28982.4
38.3321 29084.7
38.3751 29269
38.4059 29462.2
38.4554 29640.5
39.3062 29210.7
39.3283 29405.8
39.3711 29585.2
39.4339 29749
39.5149 29898.6
39.5249 30101.5
39.7696 30125.5
39.7834 30324.2
40.2811 30156.1
40.4494 30236.3
40.4901 30411.4
40.6002 30533.8
40.8003 30588
40.8992 30717.5
40.9786 30861
41.0346 31021.6
41.0547 31209.1
42.2512 30522.2
42.3921 30617
42.5237 30717.9
42.6548 30818.5
42.7263 30961.8
42.7361 31149.3
42.7679 31320.7
42.8124 31482.5
42.8323 31662.1
42.8621 31834.2
43.7306 31392.2
43.8324 31509.1
43.8619 31677.6
43.9133 31830
44.0181 31943.2
44.0596 32101.9
44.0708 32282.6
44.1122 32440.9
44.2164 32552.6
44.2363 32726.1
44.3479 32831.4
45.1321 32445.2
45.2146 32570
45.2454 32731.8
45.2749 32894.2
45.408 32981
45.4544 33130.4
45.5519 33242.1
45.5837 33401.4
45.645 33538.9
