0 0.210685
0.325124 0.0786004
0.325124 0.204011
0.478967 0.148881
0.478967 0.158827
0.675163 0.100994
0.675163 0.271747
0.886301 0.229511
0.886301 0.309466
1.5104 0.631345
1.5104 0.692644
1.53244 0.712082
1.53244 0.77369
1.69441 0.633274
1.69441 0.693182
1.80902 0.601912
1.80902 0.621785
1.82117 0.674609
1.82117 0.806178
2.78417 0.766235
2.78417 0.879148
2.78633 0.94839
2.78633 0.958356
2.82008 0.954549
2.82008 0.974381
2.89282 0.99058
2.89282 1.04033
3.06898 0.874285
3.06898 0.963663
3.16611 0.926293
3.16611 0.975828
3.22704 0.934728
3.22704 0.95456
3.28836 0.932425
3.28836 0.995644
3.39081 0.972927
3.39081 0.992879
3.64362 0.859098
3.64362 0.889072
4.24423 0.706083
5.61257 0.303343
5.67742 0.300757
5.73048 0.573725
5.83474 0.489141
5.83659 0.577856
6.70169 1.07734
6.70169 1.19816
6.70169 1.22991
6.70169 1.24948
6.70169 1.35285
6.70169 1.3627
6.70169 1.37254
6.70169 1.39213
6.70169 1.41187
6.70169 1.52931
6.70169 1.56069
6.70169 1.61983
6.70169 1.63623
6.70169 1.64609
6.70169 1.66667
6.70169 1.70682
6.80636 1.61232
7.45402 0.98806
7.56846 0.925163
7.68952 0.899371
8.60648 1.04682
8.68169 1.04256
8.74383 1.15509
8.85737 1.14364
8.92075 1.11176
9.07669 1.06669
9.07872 1.13403
9.13888 1.08378
9.15063 1.12323
9.18406 1.17608
9.1859 1.233
9.20988 1.27296
9.25313 1.26926
9.255 1.33997
9.54093 1.11584
9.57486 1.11351
9.57698 1.17755
9.58893 1.18527
9.6136 1.22083
9.77789 1.06648
10.712 1.50304
10.9872 1.25913
11.0091 1.25926
11.1562 1.18519
11.188 1.18297
11.3213 1.27002
11.355 1.28612
11.6056 1.06676
11.6178 1.09466
11.6495 1.08267
11.6613 1.12018
11.8155 1.01691
11.8273 1.01503
11.8273 1.06582
29.4645 0.155774
29.646 0.0898363
29.646 0.152244
29.8439 0.242451
30.5537 0.0713645
30.5556 0.179234
30.5556 0.319259
32.9726 0.110464
32.9769 0.205494
33.0628 0.159106
33.0628 0.269552
34.7013 0.177632
34.7448 0.227282
34.749 0.262854
34.9003 0.266365
35.2976 0.104942
35.2976 0.135813
35.2997 0.154846
35.3117 0.448648
35.5161 0.57321
35.528 0.571179
35.5302 0.578759
35.5302 0.653633
35.8212 0.446302
36.4445 0.26063
36.4445 0.283406
36.5888 0.301313
36.6223 0.386098
36.7168 0.615532
36.7806 0.56159
36.7806 0.644681
37.4711 0.566386
37.584 0.564695
37.5959 0.584503
37.6378 0.694363
37.712 0.663169
37.8955 0.510368
37.9074 0.548012
38.5623 0.743897
38.5623 0.766011
38.7018 0.669329
38.7039 0.729942
38.9552 0.55972
38.9998 0.525158
39.196 0.57362
39.2668 0.516595
39.73 0.551151
39.8245 0.624889
39.8245 0.665624
39.9418 0.658443
40.0362 0.764104
40.1008 0.798382
40.1919 0.786615
40.3048 0.729836
40.4098 0.644858
41.5714 0.679859
41.6255 0.766602
41.7481 0.775611
41.8543 0.80056
41.8543 0.871969
41.8797 0.85646
41.9015 0.866431
41.9154 0.897006
41.9868 0.845504
42.0917 0.770348
43.0719 0.658638
43.0841 0.748247
43.1781 0.683799
43.18 0.733314
43.3121 0.705981
43.3121 0.747536
43.3673 0.703513
43.4287 0.683481
43.5814 0.635056
43.6066 0.629665
43.7 0.647843
44.3714 0.76076
44.5477 0.666949
44.5496 0.695746
44.6723 0.602579
44.7475 0.660503
44.7494 0.704967
44.9229 0.628998
44.9229 0.660723
45.0336 0.611384
