0 0.0161972
0.005 0.0417752
0.01 0.0160238
0.015 0.0219486
0.02 0.0369218
0.025 0.0419284
0.03 0.0469151
0.035 0.0517817
0.04 0.0566683
0.045 0.0613549
0.05 0.0662615
0.055 0.0713681
0.06 0.0762147
0.065 0.0814613
0.07 0.0865279
0.075 0.0917346
0.08 0.0967612
0.085 0.101468
0.09 0.106434
0.095 0.111461
0.1 0.116268
0.105 0.121014
0.11 0.125961
0.115 0.130827
0.12 0.135594
0.125 0.140781
0.13 0.145667
0.135 0.150534
0.14 0.15578
0.145 0.160507
0.15 0.165294
0.155 0.1703
0.16 0.175467
0.165 0.180414
0.17 0.18526
0.175 0.190207
0.18 0.195353
0.185 0.20002
0.19 0.204907
0.195 0.209893
0.2 0.21472
0.205 0.219606
0.21 0.224353
0.215 0.22932
0.22 0.233986
0.225 0.238893
0.23 0.243859
0.235 0.248806
0.24 0.253493
0.245 0.258639
0.25 0.263546
0.255 0.268333
0.26 0.273299
0.265 0.278006
0.27 0.283132
0.275 0.287919
0.28 0.292786
0.285 0.297552
0.29 0.302299
0.295 0.307225
0.3 0.312092
0.305 0.316819
0.31 0.321825
0.315 0.327092
0.32 0.331878
0.325 0.336605
0.33 0.341852
0.335 0.346638
0.34 0.351905
0.345 0.357012
0.35 0.362218
0.355 0.367185
0.36 0.372151
0.365 0.377118
0.37 0.382125
0.375 0.386831
0.38 0.392078
0.385 0.396964
0.39 0.401811
0.395 0.406638
0.4 0.411744
0.405 0.416811
0.41 0.421597
0.415 0.426424
0.42 0.431311
0.425 0.435977
0.43 0.440784
0.435 0.445811
0.44 0.450797
0.445 0.455884
0.45 0.46105
0.455 0.466037
0.46 0.470864
0.465 0.47555
0.47 0.480477
0.475 0.485243
0.48 0.48991
0.485 0.494637
0.495 0.494823
0.505 0.49509
0.515 0.495176
0.525 0.494863
0.535 0.49455
0.545 0.494276
0.555 0.494203
0.565 0.49389
0.575 0.493576
0.585 0.493623
0.595 0.493729
0.605 0.493776
0.615 0.493923
0.625 0.493909
0.635 0.493756
0.645 0.493962
0.655 0.493809
0.665 0.493616
0.675 0.493522
0.685 0.493189
0.695 0.492955
0.705 0.492622
0.715 0.492829
0.725 0.493055
0.735 0.493302
0.745 0.493549
0.755 0.493435
0.765 0.493622
0.775 0.493428
0.785 0.493335
0.795 0.493522
0.805 0.493288
0.815 0.493135
0.825 0.492801
0.835 0.492848
0.845 0.493015
0.855 0.492921
0.865 0.492588
0.875 0.492374
0.885 0.492401
0.895 0.492228
0.905 0.492394
0.915 0.492661
0.925 0.492468
0.935 0.492674
0.945 0.492881
0.955 0.492587
0.965 0.492734
0.975 0.492761
0.98 0.497427
0.995 0.492174
1.005 0.4924
1.015 0.492367
1.025 0.492374
1.03 0.49736
1.04 0.497507
1.05 0.497213
1.06 0.4974
1.07 0.497567
1.08 0.497313
1.09 0.49758
1.1 0.497247
1.11 0.497473
1.12 0.49746
1.13 0.497506
1.14 0.497233
1.15 0.4972
1.16 0.497266
1.17 0.497053
1.18 0.497179
1.19 0.496866
1.2 0.496533
1.21 0.496279
1.22 0.496506
1.23 0.496632
1.24 0.496639
1.25 0.496466
1.26 0.496492
1.27 0.496259
1.28 0.496146
1.29 0.496332
1.3 0.496039
1.31 0.495805
1.32 0.495932
1.33 0.495659
1.34 0.495845
1.35 0.495832
1.36 0.495778
1.37 0.495485
1.38 0.495412
1.39 0.495438
1.4 0.495465
1.41 0.495291
1.42 0.495298
1.43 0.495305
1.44 0.495071
1.45 0.495098
1.46 0.495245
1.47 0.495371
1.48 0.495298
1.49 0.494964
1.5 0.495051
1.51 0.494958
1.52 0.494724
1.53 0.494411
1.54 0.494597
1.55 0.494644
1.56 0.494791
1.57 0.495057
1.58 0.495304
1.59 0.49513
1.6 0.494817
1.61 0.495004
1.62 0.49489
1.63 0.494977
1.64 0.495224
1.65 0.49511
1.66 0.494917
1.67 0.494803
1.68 0.49495
1.69 0.495057
1.7 0.494843
1.71 0.49507
1.72 0.495216
1.73 0.495123
1.74 0.49499
1.75 0.494936
1.76 0.495203
1.77 0.495289
1.78 0.495516
1.79 0.495623
1.8 0.495549
1.81 0.495676
1.82 0.495723
1.83 0.495929
1.84 0.496116
1.85 0.496342
1.86 0.496449
1.87 0.496336
1.88 0.496002
1.89 0.496069
1.9 0.496115
1.91 0.495782
1.92 0.495929
1.93 0.495775
1.94 0.495562
1.95 0.495248
1.96 0.495055
1.97 0.494842
1.98 0.494848
1.99 0.494655
2 0.494602
2.01 0.494468
2.015 0.499215
2.025 0.499021
2.035 0.498908
2.045 0.499135
2.06 0.494141
2.07 0.494188
2.08 0.494154
2.09 0.494241
2.1 0.494288
2.11 0.494214
2.12 0.494421
2.13 0.494287
2.14 0.494474
2.15 0.494481
2.16 0.494207
2.17 0.494154
2.18 0.494181
2.19 0.494367
2.2 0.494534
2.21 0.49476
2.22 0.494727
2.23 0.494494
2.24 0.49476
2.25 0.494567
2.26 0.494713
2.27 0.49472
2.28 0.494887
2.29 0.494793
2.3 0.49506
2.31 0.495146
2.32 0.495413
2.33 0.49532
2.34 0.494986
2.35 0.494693
2.36 0.49464
2.37 0.494306
2.38 0.494533
2.39 0.494719
2.4 0.494506
2.41 0.494513
2.42 0.494659
2.43 0.494326
2.44 0.494392
2.45 0.494379
2.46 0.494466
2.47 0.494712
2.48 0.494679
2.485 0.499365
2.495 0.499392
2.505 0.499439
2.515 0.499605
2.525 0.499852
2.535 0.499778
2.545 0.499685
2.555 0.499392
2.565 0.499498
2.575 0.499205
2.585 0.499252
2.595 0.499078
2.605 0.498885
2.615 0.499051
2.625 0.498758
2.635 0.498465
2.645 0.498571
2.655 0.498838
2.665 0.498644
2.675 0.498851
2.685 0.498898
2.695 0.498984
2.71 0.493651
2.715 0.498517
2.725 0.498184
2.74 0.492891
2.745 0.497957
2.755 0.497664
2.765 0.497551
2.78 0.492597
2.79 0.492464
2.8 0.49247
2.81 0.492317
2.82 0.492064
2.83 0.49181
2.84 0.491877
2.845 0.496543
2.855 0.49665
2.865 0.496697
2.875 0.496943
2.885 0.49673
2.895 0.496476
2.905 0.496423
2.915 0.49633
2.925 0.496596
2.935 0.496563
2.945 0.49651
2.955 0.496756
2.965 0.496483
2.975 0.496609
2.985 0.496336
2.995 0.496163
3.005 0.495949
3.015 0.496156
3.03 0.491122
3.04 0.491389
3.045 0.496616
3.055 0.496702
3.065 0.496789
3.075 0.496635
3.085 0.496322
3.095 0.496009
3.105 0.496075
3.115 0.495782
3.125 0.495709
3.135 0.495375
3.145 0.495102
3.155 0.495188
3.165 0.495295
3.175 0.495422
3.185 0.495428
3.195 0.495695
3.205 0.495381
3.215 0.495288
3.225 0.495515
3.235 0.495401
3.245 0.495068
3.255 0.494974
3.265 0.494801
3.275 0.495028
3.285 0.495094
3.295 0.494781
3.305 0.494928
3.315 0.495194
3.325 0.495301
3.335 0.495107
3.345 0.494934
3.355 0.494801
3.365 0.494567
3.375 0.494434
3.385 0.4941
3.395 0.493927
3.405 0.493634
3.415 0.49382
3.425 0.493827
3.435 0.494053
3.445 0.49426
3.455 0.494387
3.465 0.494133
3.475 0.49398
3.485 0.493847
3.495 0.493753
3.505 0.4935
3.515 0.493566
3.525 0.493393
3.535 0.49322
3.545 0.493066
3.555 0.492753
3.565 0.492699
3.575 0.492446
3.585 0.492513
3.595 0.492419
3.605 0.492266
3.615 0.492192
3.625 0.491859
3.635 0.492046
3.645 0.491812
3.655 0.491479
3.665 0.491586
3.675 0.491332
3.685 0.491599
3.695 0.491405
3.705 0.491432
3.715 0.491599
3.725 0.491845
3.735 0.491772
3.745 0.491778
3.755 0.491685
3.765 0.491412
3.775 0.491218
3.785 0.491445
3.795 0.491171
3.805 0.490978
3.815 0.491105
3.825 0.490791
3.835 0.490498
3.845 0.490625
3.855 0.490331
3.86 0.495518
3.87 0.495644
3.88 0.495411
3.89 0.495438
3.9 0.495424
3.91 0.495631
3.92 0.495397
3.93 0.495304
3.94 0.495431
3.95 0.495277
3.96 0.495084
3.97 0.49491
3.98 0.495057
3.99 0.495164
4 0.49535
4.01 0.495357
4.02 0.495564
4.03 0.49579
4.04 0.495917
4.05 0.495803
4.06 0.49571
4.07 0.495577
4.08 0.495743
4.09 0.49561
4.1 0.495476
4.11 0.495663
4.12 0.49535
4.13 0.495056
4.14 0.495323
4.15 0.495449
4.16 0.495396
4.17 0.495363
4.18 0.495309
4.19 0.495356
4.2 0.495143
4.21 0.495409
4.22 0.495416
4.23 0.495562
4.24 0.495669
4.25 0.495476
4.26 0.495242
4.27 0.495429
4.28 0.495115
4.29 0.494902
4.3 0.494709
4.31 0.494935
4.32 0.495042
4.33 0.494888
4.34 0.495095
4.35 0.494762
4.36 0.494988
4.37 0.495055
4.38 0.495082
4.39 0.495308
4.4 0.495275
4.41 0.495541
4.42 0.495288
4.43 0.495415
4.44 0.495341
4.45 0.495528
4.46 0.495354
4.47 0.495021
4.48 0.495068
4.49 0.495114
4.5 0.494961
4.51 0.495167
4.52 0.495434
4.53 0.495481
4.54 0.495287
4.55 0.495274
4.56 0.495421
4.57 0.495307
4.58 0.495094
4.59 0.49528
4.6 0.495007
4.61 0.495134
4.62 0.4948
4.63 0.494787
4.64 0.494753
4.65 0.49452
4.66 0.494687
4.67 0.494453
4.68 0.49428
4.69 0.494206
4.7 0.494273
4.71 0.49428
4.72 0.494146
4.73 0.493853
4.74 0.49392
4.75 0.494146
4.76 0.494393
4.77 0.494239
4.78 0.494346
4.79 0.494293
4.795 0.499439
4.81 0.494686
4.82 0.494452
4.83 0.494459
4.84 0.494446
4.85 0.494332
4.86 0.493999
4.87 0.493705
4.88 0.493872
4.89 0.493599
4.9 0.493645
4.91 0.493412
4.92 0.493659
4.93 0.493625
4.94 0.493852
4.95 0.493518
4.96 0.493425
4.97 0.493292
4.98 0.492978
4.99 0.492985
5 0.493051
5.01 0.493178
5.02 0.493325
5.03 0.493431
5.04 0.493458
5.05 0.493144
5.06 0.492931
5.07 0.493158
5.08 0.493104
5.09 0.493191
5.1 0.493458
5.11 0.493344
5.12 0.493011
5.13 0.493037
5.14 0.492764
5.145 0.497431
5.155 0.497417
5.165 0.497424
5.175 0.49769
5.185 0.497577
5.195 0.497564
5.205 0.49745
5.215 0.497137
5.225 0.497363
5.235 0.49749
5.245 0.497257
5.255 0.496983
5.265 0.49701
5.275 0.496817
5.285 0.497043
5.295 0.49715
5.305 0.496836
5.315 0.496763
5.325 0.49687
5.335 0.497036
5.345 0.496963
5.355 0.496769
5.365 0.496836
5.375 0.496883
5.385 0.496869
5.395 0.496876
5.405 0.496982
5.415 0.496809
5.425 0.496776
5.435 0.496562
5.445 0.496709
5.455 0.496775
5.465 0.496662
5.475 0.496729
5.485 0.496515
5.495 0.496242
5.505 0.496289
5.515 0.496455
5.525 0.496662
5.535 0.496928
5.545 0.496855
5.555 0.496582
5.565 0.496548
5.575 0.496755
5.585 0.496961
5.595 0.496908
5.605 0.496715
5.615 0.496981
5.625 0.496848
5.635 0.496854
5.645 0.497101
5.655 0.496968
5.665 0.497134
5.675 0.497381
5.685 0.497628
5.695 0.497394
5.705 0.497081
5.715 0.497347
5.725 0.497454
5.735 0.497581
5.745 0.497667
5.755 0.497474
5.765 0.4974
5.775 0.497647
5.785 0.497874
5.795 0.49762
5.805 0.497627
5.815 0.497333
5.825 0.49712
5.835 0.496867
5.845 0.496873
5.855 0.49698
5.865 0.496987
5.875 0.496933
5.885 0.49696
5.895 0.496766
5.905 0.496533
5.915 0.49628
5.925 0.496266
5.935 0.496133
5.945 0.496179
5.955 0.495986
5.965 0.495993
5.975 0.496019
5.985 0.495966
5.995 0.495752
6.005 0.495979
6.015 0.495946
6.025 0.495852
6.035 0.496059
6.045 0.495906
6.055 0.495852
6.065 0.495899
6.075 0.496105
6.085 0.496112
6.095 0.496159
6.105 0.496405
6.115 0.496632
6.125 0.496418
6.135 0.496545
6.145 0.496672
6.155 0.496638
6.165 0.496605
6.175 0.496531
6.185 0.496358
6.195 0.496185
6.205 0.496051
6.215 0.495738
6.225 0.495645
6.235 0.495751
6.245 0.495578
6.255 0.495644
6.265 0.495771
6.275 0.495818
6.285 0.495764
6.295 0.495991
6.305 0.496077
6.315 0.496184
6.325 0.496391
6.335 0.496417
6.345 0.496164
6.355 0.49631
6.365 0.496537
6.375 0.496704
6.385 0.49681
6.395 0.496477
6.405 0.496584
6.415 0.49661
6.425 0.496577
6.435 0.496743
6.445 0.49683
6.455 0.496657
6.465 0.496463
6.475 0.49665
6.485 0.496796
6.495 0.496643
6.505 0.49635
6.515 0.496436
6.525 0.496543
6.535 0.496309
6.545 0.496296
6.555 0.496383
6.565 0.496489
6.575 0.496416
6.585 0.496263
6.595 0.496409
6.605 0.496396
6.615 0.496362
6.625 0.496149
6.635 0.496276
6.645 0.496022
6.655 0.495989
6.665 0.496075
6.675 0.496102
6.685 0.495989
6.695 0.495995
6.705 0.495822
6.715 0.495668
6.725 0.495735
6.735 0.495582
6.745 0.495768
6.755 0.495515
6.765 0.495422
6.775 0.495608
6.785 0.495835
6.795 0.495841
6.805 0.495688
6.815 0.495435
6.825 0.495481
6.835 0.495488
6.845 0.495734
6.855 0.495861
6.865 0.495788
6.875 0.495994
6.885 0.496201
6.895 0.496347
6.905 0.496194
6.915 0.496461
6.925 0.496287
6.935 0.496374
6.945 0.496601
6.955 0.496487
6.965 0.496334
6.975 0.49628
6.985 0.496127
6.995 0.496034
7.005 0.4963
7.015 0.496327
7.025 0.496113
7.035 0.49616
7.045 0.496107
7.055 0.495973
7.065 0.49616
7.075 0.495966
7.085 0.496173
7.095 0.49626
7.105 0.496066
7.115 0.495793
7.125 0.496
7.135 0.496246
7.145 0.496413
7.155 0.496279
7.165 0.496146
7.175 0.496273
7.185 0.496259
7.195 0.495986
7.205 0.496152
7.215 0.496299
7.225 0.496006
7.235 0.495852
7.245 0.495979
7.255 0.495985
7.265 0.496032
7.275 0.496279
7.285 0.496125
7.295 0.496052
7.305 0.495839
7.315 0.495865
7.325 0.495672
7.335 0.495398
7.345 0.495605
7.355 0.495672
7.365 0.495418
7.375 0.495165
7.385 0.495211
7.395 0.495198
7.405 0.495465
7.415 0.495331
7.425 0.494998
7.435 0.494804
7.445 0.494511
7.455 0.494538
7.465 0.494724
7.475 0.494951
7.485 0.495118
7.495 0.495224
7.505 0.495391
7.515 0.495497
7.525 0.495584
7.535 0.495271
7.545 0.495317
7.555 0.495544
7.565 0.49523
7.575 0.495197
7.585 0.495444
7.595 0.49527
7.605 0.495357
7.615 0.495583
7.625 0.49559
7.635 0.495737
7.645 0.495703
7.655 0.49553
7.665 0.495397
7.675 0.495343
7.685 0.49523
7.695 0.495136
7.705 0.495383
7.715 0.49531
7.725 0.494996
7.735 0.495043
7.745 0.495269
7.755 0.495536
7.765 0.495443
7.775 0.495129
7.785 0.495236
7.795 0.494982
7.805 0.495189
7.815 0.495376
7.825 0.495082
7.835 0.495009
7.845 0.494996
7.855 0.494742
7.865 0.494749
7.875 0.494655
7.885 0.494562
7.895 0.494309
7.905 0.494015
7.915 0.493842
7.925 0.493948
7.935 0.494055
7.94 0.498982
7.95 0.499048
7.96 0.499235
7.975 0.494001
7.985 0.494168
7.995 0.493915
8.005 0.493781
8.015 0.493768
8.025 0.493675
8.035 0.493341
8.045 0.493568
8.055 0.493694
8.065 0.493701
8.075 0.493808
8.085 0.493534
8.095 0.493281
8.105 0.493247
8.115 0.493034
8.125 0.492761
8.135 0.492707
8.145 0.492474
8.155 0.4926
8.165 0.492627
8.175 0.492834
8.185 0.49268
8.195 0.492827
8.205 0.492994
8.215 0.49268
8.225 0.492507
8.235 0.492693
8.245 0.4928
8.255 0.492727
8.265 0.492613
8.275 0.49244
8.285 0.492546
8.295 0.492493
8.305 0.49272
8.315 0.492386
8.325 0.492313
8.335 0.492559
8.345 0.492286
8.355 0.492313
8.365 0.492059
8.37 0.497306
8.38 0.497012
8.39 0.497219
8.4 0.497066
8.41 0.496832
8.42 0.496799
8.43 0.496986
8.44 0.496652
8.45 0.496599
8.46 0.496505
8.47 0.496712
8.48 0.496859
8.49 0.497105
8.5 0.496872
8.51 0.496878
8.52 0.496705
8.53 0.496612
8.54 0.496738
8.55 0.496805
8.56 0.496631
8.57 0.496838
8.58 0.497045
8.59 0.496811
8.6 0.496818
8.61 0.496665
8.62 0.496571
8.63 0.496418
8.64 0.496244
8.65 0.496291
8.66 0.496058
8.67 0.496024
8.68 0.496211
8.69 0.496077
8.7 0.496204
8.71 0.496311
8.72 0.495977
8.73 0.495904
8.74 0.49577
8.75 0.495777
8.76 0.495784
8.77 0.49603
8.78 0.495777
8.79 0.495724
8.8 0.49575
8.81 0.495697
8.82 0.495663
8.83 0.49565
8.84 0.495397
8.85 0.495123
8.86 0.49503
8.87 0.494916
8.88 0.495143
8.89 0.49539
8.9 0.495176
8.91 0.495043
8.92 0.495029
8.93 0.494976
8.94 0.494803
8.95 0.494889
8.96 0.495156
8.97 0.495383
8.98 0.495289
8.99 0.495456
9 0.495402
9.01 0.495669
9.02 0.495456
9.03 0.495182
9.04 0.495129
9.05 0.494875
9.06 0.494742
9.07 0.494809
9.08 0.494935
9.09 0.494722
9.1 0.494548
9.11 0.494455
9.12 0.494542
9.13 0.494728
9.14 0.494795
9.15 0.494562
9.16 0.494808
9.17 0.494515
9.18 0.494301
9.19 0.494108
9.2 0.494375
9.21 0.494401
9.22 0.494468
9.23 0.494254
9.24 0.494141
9.25 0.494268
9.26 0.494234
9.27 0.494241
9.28 0.494007
9.29 0.493694
9.3 0.493561
9.31 0.493687
9.32 0.493774
9.33 0.493661
9.34 0.493627
9.35 0.493394
9.36 0.49354
9.37 0.493527
9.38 0.493514
9.39 0.49338
9.4 0.493127
9.41 0.492893
9.42 0.49264
9.43 0.492327
9.44 0.492313
9.45 0.49228
9.46 0.492466
9.47 0.492713
9.48 0.49286
9.49 0.492846
9.5 0.492693
9.51 0.49268
9.52 0.492446
9.53 0.492153
9.54 0.491839
9.55 0.492046
9.56 0.492113
9.57 0.492219
9.58 0.492466
9.585 0.497632
9.595 0.497539
9.605 0.497786
9.615 0.497772
9.625 0.497499
9.64 0.492405
9.645 0.497532
9.66 0.492399
9.665 0.497165
9.675 0.497412
9.685 0.497659
9.695 0.497605
9.705 0.497592
9.715 0.497578
9.725 0.497585
9.735 0.497492
9.745 0.497378
9.755 0.497505
9.765 0.497311
9.775 0.497558
9.785 0.497785
9.795 0.497771
9.805 0.497858
9.815 0.498104
9.825 0.498111
9.835 0.498278
9.845 0.498104
9.855 0.498031
9.865 0.498278
9.875 0.498264
9.885 0.498071
9.895 0.498317
9.905 0.498484
9.915 0.498171
9.925 0.498197
9.935 0.498404
9.945 0.49863
9.955 0.498397
9.965 0.498124
9.975 0.49837
9.985 0.498317
9.995 0.498143
10.005 0.49801
10.015 0.497757
10.025 0.497963
10.035 0.49789
10.045 0.498117
10.055 0.497783
10.065 0.49765
10.075 0.497636
10.085 0.497763
10.095 0.49791
10.105 0.498096
10.115 0.498343
10.125 0.498349
10.135 0.498096
10.145 0.498143
10.155 0.498109
10.165 0.498056
10.175 0.497922
10.185 0.498009
10.195 0.498116
10.205 0.497862
10.215 0.497809
10.225 0.497656
10.235 0.497522
10.245 0.497549
10.255 0.497415
10.265 0.497302
10.275 0.497469
10.285 0.497595
10.295 0.497442
10.305 0.497548
10.315 0.497675
10.325 0.497722
10.335 0.497808
10.345 0.497655
10.355 0.497381
10.365 0.497648
10.375 0.497875
10.385 0.498081
10.395 0.498108
10.405 0.497995
10.415 0.497781
10.425 0.497828
10.435 0.497774
10.445 0.497461
10.455 0.497648
10.465 0.497894
10.475 0.497621
10.485 0.497827
10.495 0.497634
10.505 0.497441
10.515 0.497607
10.525 0.497674
10.535 0.49772
10.545 0.497547
10.555 0.497474
10.565 0.49742
10.575 0.497547
10.585 0.497674
10.595 0.49744
10.605 0.497127
10.615 0.496893
10.625 0.49694
10.635 0.496647
10.645 0.496793
10.655 0.49652
10.665 0.496206
10.675 0.496313
10.685 0.49638
10.695 0.496306
10.705 0.496053
10.715 0.495859
10.725 0.496026
10.735 0.496113
10.745 0.495919
10.755 0.495766
10.765 0.495753
10.775 0.495779
10.785 0.495966
10.795 0.495992
10.805 0.495999
10.815 0.496066
10.825 0.495952
10.835 0.496059
10.845 0.496265
10.855 0.496312
10.865 0.496459
10.875 0.496465
10.885 0.496152
10.895 0.496158
10.905 0.496265
10.915 0.496092
10.925 0.495978
10.935 0.495805
10.945 0.496072
10.955 0.496118
10.965 0.496125
10.975 0.496051
10.985 0.495898
10.995 0.495885
11.005 0.495631
11.015 0.497418
11.025 0.497424
11.035 0.497271
11.045 0.497538
11.055 0.497684
11.065 0.497871
11.075 0.497977
11.085 0.497804
11.095 0.497491
11.105 0.497217
11.115 0.497164
11.125 0.497131
11.135 0.497177
11.145 0.498512
11.155 0.498539
11.165 0.498205
11.175 0.498272
11.185 0.498259
11.195 0.498205
11.205 0.497932
11.215 0.498078
11.225 0.498245
11.235 0.498092
11.245 0.498138
11.255 0.497825
11.265 0.497511
11.275 0.497238
11.285 0.497145
11.295 0.496851
11.305 0.496758
11.315 0.496745
11.325 0.496971
11.335 0.497218
11.345 0.497184
11.355 0.497431
11.365 0.497098
11.375 0.496784
11.385 0.496511
11.395 0.496277
11.405 0.496404
11.415 0.496371
11.425 0.496517
11.435 0.496504
11.445 0.49677
11.455 0.496737
11.465 0.496664
11.475 0.49685
11.485 0.496597
11.495 0.496444
11.505 0.49623
11.515 0.496457
11.525 0.496483
11.535 0.49643
11.545 0.496097
11.555 0.495963
11.565 0.49611
11.575 0.495896
11.585 0.495743
11.595 0.49551
11.605 0.495656
11.615 0.495563
11.625 0.495229
11.635 0.494896
11.645 0.494823
11.655 0.494609
11.665 0.494776
11.675 0.494483
11.685 0.494229
11.695 0.494136
11.705 0.494142
11.715 0.494229
11.725 0.494056
11.735 0.493782
11.745 0.493969
11.755 0.494155
11.765 0.494402
11.775 0.494409
11.785 0.494335
11.795 0.494382
11.805 0.494188
11.815 0.494335
11.825 0.494342
11.835 0.494608
11.845 0.494355
11.855 0.494482
11.865 0.494188
11.875 0.494335
11.885 0.494281
11.895 0.494008
11.905 0.494215
11.915 0.494081
11.925 0.494188
11.935 0.494294
11.945 0.494501
11.955 0.494348
11.965 0.494594
11.975 0.494541
11.985 0.494787
11.995 0.494574
12.005 0.494361
12.015 0.494607
12.025 0.494774
12.035 0.494961
12.045 0.494627
12.055 0.494854
12.065 0.49506
12.075 0.494747
12.085 0.494414
12.095 0.49414
12.105 0.494107
12.115 0.494033
12.125 0.49378
12.135 0.493847
12.145 0.493973
12.15 0.49878
12.165 0.493986
12.17 0.498873
12.18 0.499
12.19 0.499066
12.2 0.499333
12.21 0.4991
12.22 0.498886
12.23 0.498613
12.24 0.498339
12.25 0.498206
12.26 0.497913
12.27 0.498079
12.28 0.498266
12.29 0.498332
12.3 0.498119
12.31 0.498106
12.32 0.498152
12.33 0.497959
12.34 0.497945
12.35 0.497732
12.36 0.497539
12.37 0.497605
12.38 0.497812
12.39 0.497679
12.4 0.497445
12.41 0.497252
12.42 0.497338
12.43 0.497285
12.44 0.497412
12.45 0.497518
12.46 0.497585
12.47 0.497631
12.485 0.492498
12.49 0.497505
12.5 0.497571
12.51 0.497838
12.525 0.493004
12.535 0.492971
12.54 0.497998
12.555 0.492664
12.565 0.492851
12.575 0.492838
12.58 0.498024
12.59 0.498111
12.6 0.498217
12.61 0.498324
12.62 0.498171
12.63 0.498397
12.64 0.498464
12.65 0.49825
12.66 0.498437
12.67 0.498644
12.68 0.49851
12.69 0.498517
12.7 0.498183
12.71 0.49809
12.72 0.497877
12.73 0.497823
12.74 0.49759
12.75 0.497817
12.76 0.497543
12.77 0.49753
12.78 0.497316
12.79 0.497283
12.8 0.49713
12.81 0.497116
12.82 0.497043
12.83 0.497309
12.84 0.497396
12.85 0.497263
12.86 0.497309
12.87 0.497476
12.88 0.497142
12.89 0.496929
12.9 0.496876
12.91 0.496842
12.92 0.496509
12.93 0.496376
12.94 0.496282
12.95 0.496309
12.96 0.496255
12.97 0.496002
12.98 0.495729
12.99 0.495775
13 0.495542
13.01 0.495628
13.02 0.495755
13.03 0.495422
13.04 0.495248
13.05 0.495295
13.06 0.495521
13.07 0.495208
13.08 0.495475
13.09 0.495661
13.1 0.495828
13.11 0.495555
13.12 0.495381
13.13 0.495248
13.14 0.495114
13.15 0.495041
13.16 0.495028
13.17 0.494874
13.18 0.494581
13.19 0.494847
13.2 0.494754
13.21 0.494641
13.22 0.494467
13.23 0.494194
13.24 0.49402
13.25 0.494207
13.26 0.494054
13.27 0.49394
13.28 0.494147
13.29 0.494014
13.3 0.49418
13.31 0.494007
13.32 0.494033
13.33 0.49392
13.34 0.494007
13.35 0.494253
13.36 0.4944
13.37 0.494546
13.38 0.494613
13.39 0.49428
13.4 0.494166
13.41 0.494433
13.42 0.494699
13.43 0.494526
13.44 0.494793
13.45 0.494519
13.46 0.494586
13.47 0.494273
13.48 0.494199
13.49 0.494346
13.5 0.494172
13.51 0.494439
13.52 0.494266
13.53 0.494532
13.54 0.494599
13.55 0.494785
13.56 0.495012
13.57 0.495039
13.58 0.495265
13.59 0.495232
13.6 0.495198
13.61 0.495325
13.62 0.495492
13.63 0.495318
13.64 0.495325
13.65 0.495072
13.66 0.495278
13.67 0.495145
13.675 0.500111
13.69 0.495178
13.7 0.495005
13.705 0.499871
13.715 0.499658
13.725 0.499664
13.735 0.499851
13.745 0.499898
13.755 0.500144
13.765 0.500271
13.775 0.499957
13.785 0.500164
13.795 0.500191
13.805 0.499957
13.815 0.499764
13.825 0.499451
13.835 0.499497
13.845 0.499604
13.855 0.49953
13.865 0.499337
13.875 0.499104
13.885 0.49885
13.895 0.498917
13.905 0.498763
13.915 0.49859
13.925 0.498477
13.94 0.493663
13.945 0.49865
13.955 0.498516
13.965 0.498423
13.975 0.49863
13.985 0.498376
13.995 0.498103
14.005 0.498129
14.015 0.498296
14.025 0.498203
14.035 0.498329
14.05 0.493416
14.06 0.493543
14.07 0.493749
14.08 0.493856
14.09 0.494022
14.1 0.493749
14.11 0.493536
14.12 0.493382
14.13 0.493369
14.14 0.493495
14.15 0.493162
14.16 0.493289
14.17 0.493495
14.18 0.493502
14.19 0.493208
14.2 0.492895
14.21 0.492942
14.215 0.497768
14.225 0.497715
14.24 0.492822
14.25 0.492888
14.26 0.493075
14.27 0.493141
14.28 0.493148
14.29 0.492895
14.3 0.492841
14.31 0.492768
14.32 0.492534
14.325 0.497781
14.335 0.497868
14.345 0.497534
14.355 0.497641
14.365 0.497527
14.375 0.497694
14.385 0.497781
14.395 0.497867
14.405 0.497574
14.415 0.497521
14.425 0.497267
14.435 0.497354
14.445 0.49706
14.455 0.496987
14.465 0.496954
14.475 0.49716
14.485 0.497027
14.495 0.496873
14.505 0.49684
14.515 0.496587
14.525 0.496393
14.535 0.49632
14.545 0.496086
14.555 0.496113
14.565 0.49588
14.575 0.495946
14.585 0.496193
14.595 0.49636
14.605 0.496186
14.615 0.496333
14.625 0.496479
14.635 0.496686
14.645 0.496653
14.655 0.496619
14.665 0.496626
14.675 0.496412
14.685 0.496399
14.695 0.496486
14.705 0.496532
14.715 0.496399
14.725 0.496405
14.735 0.496612
14.745 0.496539
14.755 0.496225
14.765 0.496092
14.775 0.496359
14.785 0.496025
14.795 0.495712
14.805 0.495458
14.815 0.495425
14.825 0.495172
14.835 0.495078
14.845 0.495145
14.855 0.494851
14.865 0.494758
14.875 0.494965
14.885 0.494851
14.895 0.494878
14.905 0.494884
14.915 0.495051
14.925 0.494738
14.935 0.494464
14.945 0.494451
14.955 0.494358
14.965 0.494064
14.975 0.494011
14.985 0.494117
14.995 0.493824
15.005 0.494031
15.015 0.493777
15.025 0.493864
15.035 0.49413
15.045 0.493837
15.055 0.493924
15.065 0.49399
15.075 0.493697
15.085 0.493883
15.095 0.49357
15.105 0.493697
15.115 0.493923
15.125 0.49399
15.135 0.493817
15.145 0.493923
15.155 0.49403
15.165 0.494176
15.175 0.494183
15.185 0.49431
15.195 0.494476
15.205 0.494263
15.215 0.494269
15.225 0.494096
15.235 0.494143
15.245 0.494089
15.255 0.494196
15.265 0.494282
15.275 0.494069
15.285 0.494196
15.295 0.494422
15.305 0.494449
15.315 0.494296
15.325 0.494402
15.335 0.494509
15.345 0.494195
15.355 0.494042
15.365 0.493869
15.375 0.493835
15.385 0.493602
15.395 0.493428
15.405 0.493615
15.415 0.493462
15.425 0.493348
15.43 0.498095
15.44 0.498301
15.45 0.498048
15.46 0.497835
15.47 0.497801
15.48 0.497948
15.49 0.497675
15.5 0.497421
15.51 0.497648
15.52 0.497394
15.53 0.497101
15.54 0.496968
15.55 0.497134
15.56 0.496981
15.57 0.496787
15.58 0.496454
15.59 0.496141
15.6 0.496087
15.61 0.496274
15.62 0.49598
15.63 0.496187
15.64 0.496234
15.65 0.49622
15.66 0.496047
15.67 0.495994
15.68 0.49618
15.69 0.496027
15.7 0.495993
15.71 0.4962
15.72 0.496187
15.73 0.495933
15.74 0.49576
15.75 0.495606
15.76 0.495373
15.77 0.4952
15.78 0.495266
15.79 0.495093
15.8 0.495139
15.81 0.495406
15.82 0.495473
15.83 0.495139
15.84 0.495146
15.85 0.494853
15.86 0.494859
15.87 0.495126
15.88 0.495352
15.89 0.495619
15.9 0.495806
15.91 0.495632
15.92 0.495399
15.93 0.495445
15.94 0.495392
15.95 0.495439
15.96 0.495325
15.97 0.495592
15.98 0.495338
15.99 0.495605
16 0.495332
16.01 0.495138
16.02 0.495365
16.03 0.495432
16.04 0.495638
16.05 0.495545
16.06 0.495791
16.07 0.495618
16.08 0.495525
16.09 0.495491
16.1 0.495158
16.11 0.494884
16.12 0.494831
16.13 0.495098
16.14 0.495084
16.15 0.495031
16.16 0.495237
16.17 0.494904
16.18 0.494951
16.19 0.495197
16.2 0.495164
16.21 0.495211
16.22 0.495017
16.23 0.495084
16.24 0.49533
16.25 0.495537
16.26 0.495504
16.27 0.49571
16.28 0.495917
16.29 0.495623
16.3 0.49563
16.31 0.495657
16.32 0.495463
16.33 0.49535
16.34 0.495236
16.35 0.495123
16.36 0.49515
16.37 0.494976
16.38 0.494983
16.39 0.49493
16.4 0.494956
16.41 0.494783
16.42 0.494549
16.43 0.494716
16.44 0.494843
16.45 0.494629
16.46 0.494676
16.47 0.494942
16.48 0.494849
16.49 0.494716
16.5 0.494642
16.51 0.494769
16.52 0.494595
16.53 0.494562
16.54 0.494329
16.55 0.494115
16.56 0.494342
16.57 0.494569
16.58 0.494655
16.59 0.494842
16.6 0.494588
16.61 0.494815
16.62 0.494722
16.63 0.494448
16.64 0.494475
16.65 0.494701
16.66 0.494608
16.67 0.494475
16.68 0.494561
16.69 0.494328
16.7 0.494154
16.71 0.494421
16.72 0.494548
16.73 0.494594
16.74 0.494761
16.75 0.494608
16.76 0.494274
16.77 0.494361
16.78 0.494627
16.79 0.494474
16.8 0.494281
16.81 0.494067
16.82 0.494074
16.83 0.49396
16.84 0.494187
16.85 0.493874
16.86 0.4936
16.87 0.493787
16.88 0.493893
16.89 0.49394
16.9 0.493607
16.91 0.493293
16.915 0.4985
16.925 0.498426
16.94 0.493633
16.945 0.49842
16.955 0.498326
16.97 0.493513
16.98 0.49352
16.985 0.498286
16.995 0.498493
17.01 0.493199
17.015 0.497986
17.025 0.498153
17.035 0.498099
17.045 0.498126
17.055 0.498392
17.065 0.498079
17.075 0.497786
17.09 0.493012
17.095 0.497799
17.11 0.492945
17.115 0.497812
17.125 0.497479
17.135 0.497525
17.145 0.497212
17.155 0.497419
17.165 0.497665
17.175 0.497912
17.185 0.497998
17.195 0.497885
17.205 0.498052
17.215 0.497858
17.225 0.497565
17.24 0.492651
17.245 0.497418
17.255 0.497205
17.265 0.497231
17.275 0.496918
17.285 0.497124
17.295 0.497151
17.305 0.497278
17.315 0.497244
17.325 0.497211
17.335 0.496958
17.345 0.496644
17.355 0.496751
17.365 0.496497
17.375 0.496524
17.385 0.496271
17.395 0.496297
17.405 0.496564
17.415 0.49659
17.425 0.496477
17.435 0.496284
17.445 0.49615
17.455 0.496357
17.465 0.496183
17.475 0.49617
17.485 0.495917
17.495 0.495623
17.505 0.49537
17.515 0.495437
17.525 0.495163
17.535 0.49487
17.545 0.494656
17.555 0.494523
17.565 0.49431
17.575 0.494536
17.585 0.494303
17.595 0.494149
17.605 0.494236
17.615 0.494303
17.625 0.494269
17.635 0.494236
17.645 0.493922
17.655 0.493969
17.665 0.493776
17.675 0.493722
17.685 0.493729
17.695 0.493556
17.705 0.493342
17.715 0.493309
17.725 0.493035
17.735 0.493022
17.745 0.493129
17.755 0.492975
17.765 0.493062
17.775 0.493288
17.785 0.493415
17.795 0.493682
17.805 0.493768
17.815 0.493795
17.825 0.493461
17.835 0.493568
17.845 0.493315
17.855 0.493401
17.865 0.493148
17.875 0.492815
17.885 0.493041
17.895 0.493028
17.905 0.493034
17.915 0.492761
17.925 0.492588
17.935 0.492734
17.945 0.492521
17.955 0.492667
17.965 0.492774
17.975 0.493041
17.985 0.492847
17.995 0.492774
18.005 0.49264
18.015 0.492727
18.025 0.492754
18.035 0.49244
18.04 0.497647
18.05 0.497314
18.06 0.49758
18.07 0.497707
18.08 0.497753
18.09 0.49758
18.1 0.497807
18.11 0.497473
18.12 0.49754
18.13 0.497786
18.14 0.498013
18.15 0.49778
18.16 0.497906
18.17 0.497993
18.18 0.497959
18.19 0.497666
18.2 0.497893
18.21 0.497799
18.22 0.497726
18.23 0.497913
18.24 0.497959
18.25 0.498026
18.26 0.498152
18.27 0.498319
18.28 0.498346
18.29 0.498052
18.3 0.498019
18.31 0.497825
18.32 0.497952
18.33 0.497899
18.34 0.497865
18.35 0.497592
18.36 0.497678
18.37 0.497765
18.38 0.497772
18.39 0.497978
18.4 0.498225
18.41 0.498012
18.42 0.497938
18.43 0.497605
18.44 0.497811
18.45 0.497838
18.46 0.498025
18.47 0.497751
18.48 0.497778
18.49 0.497604
18.5 0.497591
18.51 0.497258
18.52 0.497184
18.53 0.497011
18.54 0.496917
18.55 0.497024
18.56 0.496831
18.57 0.497057
18.58 0.496984
18.59 0.496751
18.6 0.496597
18.61 0.496704
18.62 0.49637
18.63 0.496477
18.64 0.496204
18.65 0.49635
18.66 0.496197
18.67 0.495903
18.68 0.49587
18.69 0.495757
18.7 0.495523
18.71 0.49571
18.72 0.495516
18.73 0.495703
18.74 0.49575
18.75 0.495776
18.76 0.496043
18.77 0.49601
18.78 0.495996
18.79 0.496143
18.8 0.496329
18.81 0.496296
18.82 0.495983
18.83 0.496209
18.84 0.495896
18.85 0.495642
18.86 0.495689
18.87 0.495736
18.88 0.495882
18.89 0.495949
18.9 0.495935
18.91 0.495922
18.92 0.495809
18.93 0.495875
18.94 0.495762
18.95 0.495489
18.96 0.495675
18.97 0.495822
18.98 0.495668
18.99 0.495395
19 0.495302
19.01 0.495428
19.02 0.495395
19.03 0.495601
19.04 0.495488
19.05 0.495315
19.06 0.495181
19.07 0.494988
19.08 0.495114
19.09 0.494981
19.1 0.494828
19.11 0.495074
19.12 0.494761
19.13 0.494888
19.14 0.494694
19.15 0.494841
19.16 0.494547
19.17 0.494794
19.18 0.494681
19.19 0.494787
19.2 0.494574
19.21 0.49476
19.22 0.494647
19.23 0.494474
19.24 0.49464
19.25 0.494847
19.26 0.494713
19.27 0.49456
19.28 0.494827
19.29 0.494913
19.3 0.49482
19.31 0.494587
19.32 0.494833
19.33 0.49466
19.34 0.494526
19.35 0.494513
19.36 0.49474
19.37 0.494526
19.38 0.494413
19.39 0.494559
19.4 0.494226
19.41 0.494113
19.42 0.494179
19.43 0.494386
19.44 0.494072
19.45 0.494139
19.46 0.494086
19.47 0.494112
19.48 0.494139
19.49 0.494366
19.5 0.494232
19.51 0.494139
19.52 0.494085
19.53 0.493752
19.54 0.493739
19.55 0.493425
19.56 0.493512
19.57 0.493198
19.58 0.492985
19.59 0.493252
19.6 0.493198
19.61 0.493125
19.62 0.493131
19.63 0.493058
19.635 0.497725
19.65 0.492891
19.655 0.498058
19.67 0.492805
19.675 0.497671
19.69 0.492498
19.695 0.497544
19.71 0.492411
19.715 0.497298
19.725 0.497444
19.735 0.497191
19.75 0.492457
19.755 0.497544
19.765 0.497271
19.78 0.491977
19.79 0.492084
19.8 0.49197
19.805 0.496917
19.82 0.491784
19.825 0.49705
19.835 0.497297
19.845 0.497223
19.86 0.49237
19.865 0.497297
19.875 0.497043
19.885 0.49707
19.895 0.496937
19.905 0.496703
19.915 0.49639
19.925 0.496416
19.935 0.496083
19.945 0.49577
19.955 0.495556
19.965 0.495323
19.975 0.495149
19.985 0.495056
19.995 0.495023
20.005 0.494889
20.015 0.495156
20.025 0.495362
20.035 0.495369
20.045 0.495096
20.055 0.495282
20.065 0.495289
20.075 0.495556
20.085 0.495402
20.095 0.495569
20.105 0.495615
20.115 0.495642
20.125 0.495529
20.135 0.495275
20.145 0.495082
20.155 0.494788
20.165 0.494555
20.175 0.494802
20.185 0.494908
20.195 0.494695
20.205 0.494361
20.215 0.494408
20.225 0.494675
20.235 0.494921
20.245 0.495068
20.255 0.495055
20.265 0.495321
20.275 0.495228
20.285 0.495114
20.295 0.495121
20.305 0.495108
20.315 0.494874
20.325 0.494941
20.335 0.494687
20.345 0.494474
20.355 0.494601
20.365 0.494507
20.375 0.494534
20.385 0.49472
20.395 0.494887
20.405 0.495114
20.415 0.49516
20.425 0.495167
20.435 0.495394
20.445 0.4954
20.455 0.495427
20.465 0.495133
20.475 0.49526
20.485 0.495107
20.495 0.494873
20.505 0.49476
20.515 0.494906
20.525 0.494833
20.535 0.49488
20.545 0.494686
20.555 0.494473
20.565 0.494359
20.575 0.494166
20.585 0.494013
20.595 0.493679
20.605 0.493646
20.615 0.493713
20.625 0.493979
20.635 0.494066
20.645 0.494072
20.655 0.494279
20.66 0.499006
20.675 0.494232
20.685 0.494339
20.69 0.499325
20.7 0.499492
20.71 0.499199
20.72 0.499125
20.735 0.494152
20.745 0.494018
20.755 0.493685
20.765 0.493372
20.775 0.493038
20.785 0.492725
20.795 0.492432
20.805 0.492418
20.815 0.492425
20.825 0.492251
20.83 0.497418
20.84 0.497665
20.85 0.497391
20.86 0.497638
20.87 0.497544
20.88 0.497691
20.895 0.492358
20.905 0.492624
20.915 0.492431
20.925 0.492637
20.935 0.492324
20.945 0.492371
20.955 0.492457
20.965 0.492524
20.975 0.492691
20.985 0.492957
20.995 0.492984
21.005 0.49289
21.015 0.492917
21.025 0.492744
21.035 0.49275
21.04 0.497577
21.05 0.497623
21.06 0.49731
21.07 0.497317
21.08 0.497483
21.09 0.49735
21.1 0.497396
21.11 0.497663
21.12 0.49743
21.13 0.497336
21.14 0.497443
21.15 0.49755
21.16 0.497816
21.17 0.497843
21.18 0.497549
21.19 0.497616
21.2 0.497523
21.21 0.497609
21.22 0.497436
21.23 0.497182
21.24 0.497229
21.25 0.497296
21.26 0.497502
21.27 0.497389
21.28 0.497055
21.29 0.496922
21.3 0.496709
21.31 0.496975
21.32 0.496942
21.33 0.496869
21.34 0.496835
21.35 0.496662
21.36 0.496708
21.37 0.496475
21.38 0.496602
21.39 0.496268
21.4 0.496435
21.41 0.496441
21.42 0.496708
21.43 0.496535
21.44 0.496461
21.45 0.496308
21.46 0.496054
21.47 0.496241
21.48 0.496148
21.49 0.496394
21.5 0.496361
21.51 0.496128
21.52 0.496054
21.53 0.495801
21.54 0.495947
21.55 0.495974
21.56 0.495781
21.57 0.495647
21.58 0.495774
21.59 0.496
21.6 0.495867
21.61 0.495874
21.62 0.49596
21.63 0.495927
21.64 0.495713
21.65 0.49564
21.66 0.495827
21.67 0.495993
21.68 0.49612
21.69 0.495827
21.7 0.495533
21.71 0.49546
21.72 0.495506
21.73 0.495533
21.74 0.49522
21.75 0.495046
21.76 0.495233
21.77 0.494919
21.78 0.494766
21.79 0.494753
21.8 0.494759
21.81 0.494926
21.82 0.494912
21.83 0.494959
21.84 0.495206
21.85 0.495092
21.86 0.495119
21.87 0.494986
21.88 0.495132
21.89 0.495239
21.9 0.495105
21.91 0.495012
21.92 0.494939
21.93 0.494905
21.94 0.495052
21.95 0.495198
21.96 0.495265
21.97 0.495272
21.98 0.495298
21.99 0.495485
22 0.495231
22.01 0.494958
22.02 0.494645
22.03 0.494711
22.04 0.494938
22.05 0.495125
22.06 0.495251
22.07 0.494938
22.08 0.494764
22.09 0.494551
22.1 0.494258
22.11 0.494404
22.12 0.494211
22.13 0.494357
22.14 0.494064
22.15 0.493911
22.16 0.493777
22.17 0.493564
22.18 0.49349
22.19 0.493597
22.2 0.493864
22.21 0.49373
22.22 0.493917
22.23 0.493584
22.24 0.49347
22.25 0.493677
22.26 0.493383
22.27 0.49335
22.28 0.493257
22.29 0.493083
22.3 0.49307
22.31 0.493256
22.32 0.493163
22.33 0.49307
22.34 0.493056
22.35 0.493063
22.36 0.493109
22.37 0.492816
22.38 0.492943
22.39 0.493129
22.4 0.492876
22.41 0.492623
22.42 0.492749
22.43 0.492916
22.44 0.492842
22.45 0.492629
22.46 0.492296
22.47 0.492042
22.48 0.491789
22.49 0.491995
22.5 0.492182
22.51 0.492309
22.515 0.497155
22.525 0.497322
22.54 0.492288
22.55 0.492215
22.56 0.492222
22.57 0.492448
22.58 0.492535
22.585 0.497621
22.595 0.497548
22.605 0.497615
22.615 0.497801
22.625 0.497848
22.635 0.498075
22.645 0.497821
22.655 0.497828
22.665 0.497714
22.675 0.497481
22.685 0.497648
22.695 0.497494
22.705 0.497701
22.715 0.497567
22.725 0.497614
22.735 0.497721
22.745 0.497787
22.755 0.497594
22.765 0.49766
22.775 0.497667
22.785 0.497754
22.795 0.4978
22.805 0.497827
22.815 0.497994
22.825 0.49796
22.835 0.498067
22.845 0.498173
22.855 0.49842
22.865 0.498147
22.875 0.498393
22.885 0.49856
22.895 0.498406
22.905 0.498593
22.915 0.49884
22.925 0.498826
22.935 0.498873
22.945 0.498579
22.955 0.498766
22.965 0.499033
22.975 0.499159
22.985 0.498966
22.995 0.498713
23.005 0.498399
23.015 0.498146
23.025 0.498252
23.035 0.498099
23.045 0.497926
23.055 0.497612
23.065 0.497659
23.075 0.497325
23.085 0.497452
23.095 0.497699
23.105 0.497645
23.115 0.497492
23.125 0.497378
23.135 0.497505
23.145 0.497172
23.155 0.497118
23.165 0.496865
23.175 0.496832
23.185 0.496578
23.195 0.496625
23.205 0.496691
23.215 0.496918
23.225 0.497185
23.235 0.497431
23.245 0.497398
23.255 0.497584
23.265 0.497591
23.275 0.497278
23.285 0.496944
23.295 0.497211
23.305 0.497257
23.315 0.497384
23.325 0.497411
23.335 0.497557
23.345 0.497484
23.355 0.497451
23.365 0.497457
23.375 0.497664
23.385 0.49759
23.395 0.497277
23.405 0.497424
23.415 0.49741
23.425 0.497097
23.435 0.497023
23.445 0.49699
23.455 0.496717
23.465 0.496543
23.475 0.49627
23.485 0.496536
23.495 0.496323
23.505 0.49621
23.515 0.496076
23.525 0.496063
23.535 0.49607
23.545 0.495976
23.555 0.495943
23.565 0.496009
23.575 0.495976
23.585 0.496203
23.595 0.496469
23.605 0.496576
23.615 0.496262
23.625 0.496149
23.635 0.495936
23.645 0.496042
23.655 0.495929
23.665 0.495835
23.675 0.495982
23.685 0.495749
23.695 0.495875
23.705 0.495542
23.715 0.495349
23.725 0.495515
23.735 0.495242
23.745 0.495428
23.755 0.495375
23.765 0.495082
23.775 0.495248
23.785 0.495415
23.795 0.495121
23.805 0.495048
23.815 0.495175
23.825 0.495081
23.835 0.494828
23.845 0.495054
23.855 0.494881
23.865 0.494828
23.875 0.494974
23.885 0.494901
23.895 0.494888
23.905 0.494594
23.915 0.494701
23.925 0.494587
23.935 0.494554
23.945 0.494481
23.955 0.494307
23.965 0.494254
23.975 0.49418
23.985 0.493907
23.995 0.493894
24.005 0.4938
24.015 0.493707
24.025 0.493953
24.035 0.4938
24.045 0.493467
24.055 0.493353
24.065 0.49302
24.075 0.492767
24.085 0.492993
24.095 0.49302
24.105 0.493166
24.115 0.493353
24.125 0.49324
24.135 0.493386
24.145 0.493413
24.155 0.493679
24.165 0.493766
24.175 0.493553
24.185 0.493439
24.195 0.493506
24.205 0.493332
24.215 0.493039
24.225 0.493206
24.235 0.492952
24.245 0.492779
24.255 0.492626
24.265 0.492532
24.275 0.492259
24.285 0.492385
24.295 0.492352
24.305 0.492259
24.315 0.492345
24.325 0.492452
24.335 0.492678
24.345 0.492725
24.355 0.492652
24.365 0.492698
24.375 0.492545
24.385 0.492351
24.395 0.492218
24.4 0.497425
24.41 0.497451
24.42 0.497478
24.43 0.497205
24.44 0.496871
24.45 0.496838
24.46 0.497044
24.47 0.496951
24.48 0.496858
24.49 0.496724
24.5 0.496611
24.51 0.496577
24.52 0.496364
24.53 0.496131
24.54 0.496037
24.55 0.496104
24.56 0.49635
24.57 0.496277
24.58 0.496244
24.59 0.49601
24.6 0.495917
24.61 0.495904
24.62 0.49579
24.63 0.495857
24.64 0.495803
24.65 0.49599
24.66 0.496197
24.67 0.495863
24.68 0.49587
24.69 0.495956
24.7 0.495623
24.71 0.49535
24.72 0.495216
24.73 0.495423
24.74 0.495569
24.75 0.495376
24.76 0.495543
24.77 0.495549
24.78 0.495216
24.79 0.495303
24.8 0.495409
24.81 0.495096
24.82 0.494982
24.83 0.495069
24.84 0.494956
24.85 0.495002
24.86 0.494849
24.87 0.495055
24.88 0.495222
24.89 0.495389
24.9 0.495175
24.91 0.494842
24.92 0.494508
24.93 0.494735
24.94 0.494402
24.95 0.494468
24.96 0.494215
24.97 0.494322
24.98 0.493988
24.99 0.494015
25 0.493981
25.01 0.493668
25.02 0.493655
25.03 0.493361
25.04 0.493488
25.05 0.493274
25.06 0.493541
25.07 0.493668
25.08 0.493474
25.09 0.493301
25.1 0.493447
25.11 0.493614
25.12 0.493761
25.13 0.493447
25.14 0.493154
25.15 0.492861
25.16 0.492867
25.17 0.492614
25.18 0.49242
25.19 0.492547
25.2 0.492694
25.21 0.49274
25.22 0.492767
25.23 0.492553
25.24 0.4926
25.25 0.492807
25.26 0.492573
25.27 0.4926
25.28 0.492346
25.29 0.492073
25.3 0.49188
25.31 0.491566
25.32 0.491233
25.33 0.49134
25.34 0.491326
25.35 0.491413
25.36 0.491579
25.37 0.491746
25.38 0.491433
25.39 0.491319
25.4 0.491146
25.41 0.491352
25.415 0.496299
25.425 0.496086
25.435 0.496192
25.445 0.496319
25.455 0.496125
25.465 0.495952
25.475 0.495979
25.485 0.495685
25.495 0.495412
25.505 0.495518
25.515 0.495425
25.525 0.495212
25.535 0.495258
25.545 0.495385
25.555 0.495632
25.565 0.495838
25.575 0.495505
25.585 0.495611
25.595 0.495718
25.605 0.495725
25.615 0.495951
25.625 0.496178
25.635 0.495924
25.645 0.495611
25.655 0.495778
25.665 0.495544
25.675 0.495411
25.685 0.495317
25.695 0.495424
25.705 0.495651
25.715 0.495677
25.725 0.495884
25.735 0.495991
25.745 0.496217
25.755 0.495984
25.765 0.49567
25.775 0.495857
25.785 0.495644
25.795 0.49581
25.805 0.495557
25.815 0.495383
25.825 0.49557
25.835 0.495257
25.845 0.495323
25.855 0.49513
25.865 0.495156
25.875 0.495063
25.885 0.49479
25.895 0.494516
25.905 0.494663
25.915 0.49447
25.925 0.494136
25.935 0.493943
25.945 0.493669
25.955 0.493496
25.965 0.493523
25.975 0.493389
25.985 0.493516
25.995 0.493222
26.005 0.492969
26.015 0.493156
26.025 0.493022
26.035 0.492869
26.045 0.492755
26.055 0.492562
26.065 0.492749
26.075 0.492715
26.085 0.492522
26.095 0.492509
26.105 0.492235
26.115 0.492502
26.125 0.492668
26.135 0.492535
26.145 0.492462
26.155 0.492728
26.165 0.492735
26.175 0.492621
26.185 0.492848
26.195 0.492875
26.205 0.492561
26.215 0.492348
26.225 0.492274
26.235 0.492321
26.245 0.492008
26.255 0.492194
26.265 0.491861
26.275 0.491568
26.285 0.491354
26.295 0.491221
26.305 0.491207
26.315 0.491114
26.325 0.490961
26.335 0.490947
26.345 0.490754
26.355 0.49068
26.365 0.490627
26.375 0.490674
26.385 0.49066
26.39 0.495347
26.4 0.495173
26.41 0.49534
26.42 0.495507
26.43 0.495753
26.44 0.49594
26.45 0.496087
26.46 0.495993
26.47 0.4957
26.48 0.495606
26.49 0.495413
26.5 0.49562
26.51 0.495366
26.52 0.495473
26.53 0.495319
26.54 0.495166
26.55 0.495093
26.56 0.495159
26.57 0.495066
26.58 0.495192
26.59 0.495179
26.6 0.495206
26.61 0.495152
26.62 0.494959
26.63 0.495106
26.64 0.494772
26.65 0.494859
26.66 0.494625
26.67 0.494812
26.68 0.495039
26.69 0.495165
26.7 0.494832
26.71 0.494638
26.72 0.494805
26.73 0.494512
26.74 0.494438
26.75 0.494605
26.76 0.494691
26.77 0.494878
26.78 0.494645
26.79 0.494851
26.8 0.494578
26.81 0.494845
26.82 0.495031
26.83 0.494938
26.84 0.495084
26.85 0.494991
26.86 0.494998
26.87 0.495184
26.88 0.494951
26.89 0.494917
26.9 0.494744
26.91 0.494971
26.92 0.495157
26.93 0.495124
26.94 0.49525
26.95 0.495077
26.96 0.495084
26.97 0.49503
26.98 0.494837
26.99 0.494564
27 0.49437
27.01 0.494637
27.02 0.494723
27.03 0.49471
27.04 0.494837
27.05 0.494703
27.06 0.49465
27.07 0.494336
27.08 0.494023
27.09 0.49373
27.1 0.493736
27.11 0.493843
27.12 0.493949
27.13 0.493656
27.14 0.493903
27.15 0.493649
27.155 0.498316
27.17 0.493483
27.18 0.493449
27.19 0.493336
27.2 0.493062
27.205 0.497949
27.22 0.492656
27.225 0.497562
27.235 0.497809
27.245 0.497675
27.255 0.497722
27.27 0.492489
27.275 0.497255
27.29 0.492462
27.295 0.497368
27.31 0.492595
27.32 0.492742
27.33 0.492608
27.34 0.492455
27.35 0.492702
27.36 0.492828
27.37 0.492895
27.38 0.492801
27.39 0.492988
27.4 0.492735
27.41 0.492801
27.42 0.493008
27.43 0.492754
27.44 0.492881
27.45 0.492968
27.46 0.492974
27.47 0.492681
27.48 0.492887
27.485 0.497894
27.495 0.497941
27.505 0.497627
27.515 0.497634
27.525 0.497721
27.54 0.492807
27.545 0.497474
27.555 0.49726
27.565 0.497187
27.575 0.497334
27.585 0.49748
27.595 0.497287
27.605 0.496973
27.615 0.49664
27.625 0.496887
27.635 0.496753
27.645 0.49664
27.655 0.496806
27.665 0.496753
27.675 0.49688
27.685 0.496846
27.695 0.496693
27.705 0.49638
27.715 0.496526
27.725 0.496593
27.735 0.496339
27.745 0.496066
27.755 0.496053
27.765 0.495719
27.775 0.495566
27.785 0.495732
27.795 0.495899
27.805 0.495906
27.815 0.495812
27.825 0.496079
27.835 0.495885
27.845 0.495792
27.855 0.495719
27.865 0.495845
27.875 0.495672
27.885 0.495919
27.895 0.495785
27.905 0.495872
27.915 0.495618
27.925 0.495305
27.935 0.495132
27.945 0.495158
27.955 0.495085
27.965 0.495091
27.975 0.494978
27.985 0.495245
27.995 0.494951
28.005 0.495118
28.015 0.495324
28.025 0.495131
28.035 0.495158
28.045 0.495204
28.055 0.495231
28.065 0.495098
28.075 0.494984
28.085 0.494931
28.095 0.494997
28.105 0.494804
28.115 0.494591
28.125 0.494717
28.135 0.494844
28.145 0.49487
28.155 0.495057
28.165 0.495084
28.175 0.49495
28.185 0.494877
28.195 0.494583
28.205 0.49425
28.215 0.494077
28.225 0.494303
28.235 0.49399
28.245 0.493977
28.255 0.493863
28.265 0.49407
28.275 0.493876
28.285 0.493583
28.295 0.49357
28.305 0.493756
28.315 0.493983
28.325 0.493949
28.335 0.494136
28.345 0.493983
28.355 0.494229
28.365 0.494076
28.375 0.493782
28.385 0.493909
28.395 0.493836
28.405 0.493702
28.415 0.493589
28.425 0.493555
28.435 0.493362
28.445 0.493349
28.455 0.493315
28.465 0.493042
28.475 0.492729
28.485 0.492955
28.495 0.492982
28.505 0.492768
28.515 0.492995
28.525 0.492722
28.535 0.492868
28.545 0.492815
28.555 0.492601
28.565 0.492688
28.575 0.492715
28.585 0.492821
28.595 0.492768
28.605 0.492554
28.61 0.497381
28.62 0.497108
28.635 0.491834
28.645 0.492001
28.655 0.491808
28.665 0.491594
28.675 0.491381
28.685 0.491487
28.69 0.496214
28.7 0.496121
28.71 0.495967
28.72 0.495994
28.73 0.49616
28.74 0.496167
28.75 0.496354
28.76 0.49614
28.77 0.496087
28.78 0.495833
28.79 0.49592
28.8 0.496147
28.81 0.495993
28.82 0.49618
28.83 0.495987
28.84 0.495653
28.85 0.49586
28.86 0.495946
28.87 0.495833
28.88 0.49572
28.89 0.495446
28.9 0.495473
28.91 0.495559
28.92 0.495586
28.93 0.495293
28.94 0.495519
28.95 0.495426
28.96 0.495552
28.97 0.495819
28.98 0.495626
28.99 0.495852
29 0.496019
29.01 0.496286
29.02 0.496492
29.03 0.496599
29.04 0.496685
29.05 0.496852
29.06 0.497059
29.07 0.497285
29.08 0.497192
29.09 0.497218
29.1 0.497185
29.11 0.497092
29.12 0.496978
29.13 0.496765
29.14 0.496771
29.15 0.496618
29.16 0.496465
29.17 0.496211
29.18 0.496438
29.19 0.496665
29.2 0.496431
29.21 0.496278
29.22 0.496544
29.23 0.496511
29.24 0.496638
29.25 0.496384
29.26 0.496191
29.27 0.495857
29.28 0.495784
29.29 0.495971
29.3 0.495857
29.31 0.496024
29.32 0.49597
29.33 0.495997
29.34 0.495924
29.35 0.49567
29.36 0.495737
29.37 0.495804
29.38 0.49589
29.39 0.495777
29.4 0.495923
29.41 0.49615
29.42 0.495817
29.43 0.495703
29.44 0.49545
29.45 0.495616
29.46 0.495303
29.47 0.49507
29.48 0.495216
29.49 0.495443
29.5 0.495169
29.51 0.494936
29.52 0.494923
29.53 0.495129
29.54 0.495376
29.55 0.495523
29.56 0.495729
29.57 0.495756
29.58 0.495822
29.59 0.495949
29.6 0.496196
29.61 0.496202
29.62 0.496229
29.63 0.496495
29.64 0.496362
29.65 0.496529
29.66 0.496455
29.67 0.496582
29.68 0.496548
29.69 0.496775
29.7 0.496542
29.71 0.496408
29.72 0.496635
29.73 0.496502
29.74 0.496768
29.75 0.496755
29.76 0.496761
29.77 0.496808
29.78 0.496935
29.79 0.496721
29.8 0.496528
29.81 0.496434
29.82 0.496421
29.83 0.496588
29.84 0.496754
29.85 0.496741
29.86 0.496407
29.87 0.496094
29.88 0.496261
29.89 0.496367
29.9 0.496594
29.91 0.496401
29.92 0.496187
29.93 0.495914
29.94 0.49616
29.95 0.496087
29.96 0.495754
29.97 0.49592
29.98 0.496027
29.99 0.495713
30 0.49542
30.01 0.495207
30.02 0.495053
30.03 0.49522
30.04 0.495346
30.05 0.495433
30.06 0.4951
30.07 0.495046
30.08 0.494993
30.09 0.49488
30.1 0.494786
30.11 0.494673
30.12 0.494899
30.13 0.494666
30.14 0.494353
30.15 0.494199
30.16 0.494386
30.17 0.494592
30.18 0.494499
30.19 0.494726
30.2 0.494572
30.21 0.494319
30.22 0.494105
30.23 0.493872
30.24 0.494019
30.25 0.493765
30.26 0.493712
30.27 0.493619
30.28 0.493745
30.29 0.493492
30.3 0.493298
30.31 0.493445
30.32 0.493172
30.33 0.493178
30.34 0.493305
30.35 0.493091
30.36 0.493138
30.37 0.493145
30.38 0.492851
30.39 0.493058
30.4 0.492904
30.41 0.492631
30.42 0.492538
30.43 0.492724
30.44 0.492791
30.45 0.492698
30.46 0.492864
30.47 0.492691
30.48 0.492617
30.49 0.492804
30.5 0.493071
30.51 0.493057
30.52 0.492804
30.53 0.49275
30.54 0.492637
30.55 0.492564
30.56 0.49237
30.57 0.492457
30.58 0.492323
30.59 0.49241
30.6 0.492537
30.605 0.497643
30.62 0.49291
30.625 0.497997
30.635 0.497743
30.645 0.49793
30.655 0.497676
30.665 0.497943
30.675 0.49761
30.685 0.497516
30.695 0.497743
30.705 0.497429
30.715 0.497336
30.725 0.497603
30.735 0.497389
30.745 0.497296
30.755 0.497222
30.765 0.497209
30.775 0.497196
30.785 0.497242
30.795 0.497449
30.805 0.497396
30.815 0.497402
30.825 0.497629
30.835 0.497855
30.845 0.498022
30.855 0.498169
30.865 0.497995
30.875 0.498262
30.885 0.497948
30.895 0.498015
30.905 0.498162
30.915 0.498048
30.925 0.497975
30.935 0.498101
30.945 0.498248
30.955 0.497955
30.965 0.497741
30.975 0.497728
30.985 0.497415
30.995 0.497121
31.005 0.496788
31.015 0.496974
31.025 0.497021
31.035 0.496928
31.045 0.496754
31.055 0.496601
31.065 0.496627
31.075 0.496574
31.085 0.496701
31.095 0.496887
31.105 0.496894
31.115 0.49692
31.125 0.496667
31.135 0.496914
31.145 0.49672
31.155 0.496667
31.165 0.496374
31.175 0.49654
31.185 0.496407
31.195 0.496473
31.205 0.49626
31.215 0.496267
31.225 0.496173
31.235 0.49594
31.245 0.495846
31.255 0.495953
31.265 0.49602
31.275 0.496166
31.285 0.496253
31.295 0.496199
31.305 0.496166
31.315 0.495953
31.325 0.495719
31.335 0.495486
31.345 0.495612
31.355 0.495659
31.365 0.495346
31.375 0.495172
31.385 0.495079
31.395 0.495246
31.405 0.495292
31.415 0.495439
31.425 0.495205
31.435 0.495052
31.445 0.495019
31.455 0.494885
31.465 0.494732
31.475 0.494798
31.485 0.494845
31.495 0.494512
31.505 0.494438
31.515 0.494225
31.525 0.493991
31.535 0.494238
31.545 0.493945
31.555 0.493651
31.565 0.493758
31.575 0.493585
31.585 0.493851
31.595 0.494058
31.605 0.494044
31.615 0.494031
31.625 0.493718
31.635 0.493704
31.645 0.493671
31.655 0.493657
31.665 0.493384
31.675 0.493271
31.685 0.493137
31.695 0.493184
31.705 0.49333
31.715 0.493437
31.725 0.493324
31.735 0.49331
31.745 0.493577
31.755 0.493784
31.765 0.49397
31.775 0.494017
31.785 0.493883
31.795 0.49361
31.805 0.493677
31.815 0.493463
31.825 0.49341
31.835 0.493196
31.845 0.492923
31.855 0.49297
31.865 0.492976
31.875 0.492883
31.885 0.492609
31.895 0.492356
31.905 0.492523
31.915 0.492609
31.925 0.492716
31.935 0.492383
31.945 0.492129
31.955 0.491996
31.96 0.496962
31.975 0.491989
31.985 0.492156
31.99 0.497142
32 0.496909
32.01 0.497135
32.02 0.497022
32.03 0.496829
32.04 0.496655
32.05 0.496442
32.06 0.496468
32.07 0.496375
32.08 0.496462
32.09 0.496408
32.1 0.496635
32.11 0.496622
32.12 0.496768
32.13 0.496615
32.14 0.496801
32.15 0.496868
32.16 0.496815
32.17 0.496681
32.18 0.496408
32.19 0.496514
32.2 0.496581
32.21 0.496348
32.22 0.496334
32.23 0.496281
32.24 0.496327
32.25 0.496354
32.26 0.496341
32.27 0.496487
32.28 0.496154
32.29 0.495961
32.3 0.495827
32.31 0.495814
32.32 0.49576
32.33 0.495687
32.34 0.495674
32.35 0.49538
32.36 0.495527
32.37 0.495653
32.38 0.49564
32.39 0.495887
32.4 0.495573
32.41 0.49582
32.42 0.495766
32.43 0.495673
32.44 0.49536
32.45 0.495386
32.46 0.495333
32.47 0.49542
32.48 0.495326
32.49 0.495213
32.5 0.495259
32.51 0.495526
32.52 0.495673
32.53 0.495619
32.54 0.495586
32.55 0.495592
32.56 0.495819
32.57 0.495906
32.58 0.495772
32.59 0.496039
32.6 0.495745
32.61 0.495712
32.62 0.495519
32.63 0.495325
32.64 0.495592
32.65 0.495699
32.66 0.495485
32.67 0.495672
32.68 0.495498
32.69 0.495745
32.7 0.495712
32.71 0.495858
32.72 0.495905
32.73 0.496051
32.74 0.496118
32.75 0.495805
32.76 0.496051
32.77 0.496258
32.78 0.496064
32.79 0.495791
32.8 0.495758
32.81 0.495444
32.82 0.495111
32.83 0.494798
32.84 0.494604
32.85 0.494851
32.86 0.494637
32.87 0.494704
32.88 0.494871
32.89 0.495097
32.9 0.495244
32.91 0.49541
32.92 0.495257
32.93 0.495124
32.94 0.49491
32.95 0.495177
32.96 0.495403
32.97 0.49527
32.98 0.495017
32.99 0.494843
33 0.49491
33.01 0.495157
33.02 0.495403
33.03 0.49551
33.04 0.495276
33.05 0.495003
33.06 0.49479
33.07 0.494956
33.08 0.494623
33.09 0.494709
33.1 0.494736
33.11 0.494643
33.12 0.494709
33.13 0.494796
33.14 0.494722
33.15 0.494409
33.16 0.494416
33.17 0.494162
33.18 0.494429
33.19 0.494556
33.2 0.494242
33.21 0.494049
33.22 0.494115
33.23 0.494122
33.24 0.494209
33.25 0.493895
33.26 0.493742
33.27 0.493648
33.28 0.493555
33.29 0.493662
33.3 0.493748
33.31 0.493975
33.32 0.493781
33.33 0.493728
33.335 0.498815
33.35 0.493901
33.355 0.498628
33.365 0.498755
33.38 0.493561
33.39 0.493468
33.4 0.493574
33.41 0.493741
33.42 0.493608
33.43 0.493734
33.44 0.493841
33.45 0.493547
33.46 0.493594
33.47 0.493501
33.48 0.493567
33.49 0.493454
33.5 0.49344
33.51 0.493527
33.52 0.493514
33.53 0.49362
33.54 0.493527
33.55 0.493534
33.56 0.49348
33.57 0.493347
33.575 0.498133
33.585 0.49792
33.6 0.492707
33.605 0.497973
33.615 0.49806
33.63 0.492786
33.635 0.497493
33.645 0.4977
33.655 0.497446
33.665 0.497313
33.675 0.497059
33.685 0.496786
33.695 0.496753
33.705 0.496899
33.715 0.497106
33.725 0.497173
33.735 0.497159
33.745 0.497386
33.755 0.497092
33.765 0.496939
33.775 0.497086
33.785 0.497332
33.795 0.497239
33.805 0.497005
33.815 0.497212
33.825 0.496879
33.835 0.496545
33.845 0.496532
33.855 0.496438
33.865 0.496645
33.875 0.496492
33.885 0.496158
33.895 0.496345
33.905 0.496572
33.915 0.496318
33.925 0.496125
33.935 0.496311
33.945 0.496258
33.955 0.496285
33.965 0.496431
33.975 0.496558
33.985 0.496664
33.995 0.496511
34.005 0.496718
34.015 0.496964
34.025 0.496871
34.035 0.497037
34.045 0.497264
34.055 0.497091
34.065 0.497277
34.075 0.497224
34.085 0.49691
34.095 0.496937
34.105 0.497024
34.115 0.49727
34.125 0.497177
34.135 0.497024
34.145 0.49701
34.155 0.497257
34.165 0.497483
34.175 0.49771
34.185 0.497577
34.195 0.497563
34.205 0.49773
34.215 0.497436
34.225 0.497503
34.235 0.49767
34.245 0.497476
34.255 0.497263
34.265 0.497469
34.275 0.497476
34.285 0.497743
34.295 0.497809
34.305 0.497536
34.315 0.497483
34.325 0.497689
34.335 0.497796
34.345 0.497702
34.355 0.497649
34.365 0.497596
34.375 0.497582
34.385 0.497789
34.395 0.497735
34.405 0.497482
34.415 0.497509
34.425 0.497295
34.435 0.497142
34.445 0.497068
34.455 0.496915
34.465 0.496782
34.475 0.496968
34.485 0.497215
34.495 0.497382
34.505 0.497408
34.515 0.497675
34.525 0.497701
34.535 0.497888
34.545 0.497935
34.555 0.497981
34.565 0.498228
34.575 0.497914
34.585 0.497621
34.595 0.497748
34.605 0.497434
34.615 0.497321
34.625 0.497187
34.635 0.496954
34.645 0.496901
34.655 0.497007
34.665 0.496874
34.675 0.496821
34.685 0.496607
34.695 0.496654
34.705 0.49652
34.715 0.496207
34.725 0.495974
34.735 0.49612
34.745 0.496227
34.755 0.496133
34.765 0.49618
34.775 0.495867
34.785 0.496093
34.795 0.49588
34.805 0.495626
34.815 0.495673
34.825 0.49554
34.835 0.495346
34.845 0.495293
34.855 0.49516
34.865 0.495266
34.875 0.495033
34.885 0.495259
34.895 0.495326
34.905 0.495473
34.915 0.495179
34.925 0.495266
34.935 0.495132
34.945 0.495099
34.955 0.495266
34.965 0.494952
34.975 0.495159
34.985 0.495385
34.995 0.495432
35.005 0.495299
35.015 0.495465
35.025 0.495452
35.035 0.495199
35.045 0.495085
35.055 0.495332
35.065 0.494998
35.075 0.494705
35.085 0.494392
35.095 0.494498
35.105 0.494725
35.115 0.494951
35.125 0.495018
35.135 0.494865
35.145 0.494611
35.155 0.494878
35.165 0.494904
35.175 0.494591
35.185 0.494278
35.195 0.493944
35.205 0.493671
35.215 0.493438
35.225 0.493584
35.235 0.493651
35.245 0.493357
35.255 0.493284
35.265 0.493131
35.275 0.493237
35.285 0.493024
35.295 0.49275
35.305 0.492417
35.315 0.492484
35.325 0.49275
35.335 0.492797
35.345 0.492503
35.355 0.49229
35.365 0.492057
35.375 0.492243
35.385 0.49191
35.395 0.492097
35.405 0.492203
35.415 0.49189
35.425 0.491736
35.435 0.491943
35.445 0.49169
35.455 0.491756
35.465 0.491663
35.475 0.491669
35.485 0.491856
35.495 0.491943
35.505 0.492029
35.515 0.491716
35.525 0.491482
35.535 0.491389
35.545 0.491656
35.555 0.491622
35.565 0.491449
35.57 0.496256
35.58 0.496022
35.59 0.496029
35.6 0.496035
35.615 0.491102
35.625 0.490949
35.635 0.490635
35.64 0.495662
35.655 0.490688
35.665 0.490855
35.67 0.495962
35.68 0.496168
35.69 0.496355
35.7 0.496281
35.71 0.496488
35.72 0.496475
35.73 0.496661
35.74 0.496548
35.75 0.496215
35.76 0.496121
35.77 0.496268
35.78 0.496494
35.79 0.496501
35.8 0.496408
35.81 0.496554
35.82 0.496781
35.83 0.496627
35.84 0.496774
35.85 0.496701
35.86 0.496707
35.87 0.496894
35.88 0.49658
35.89 0.496547
35.9 0.496634
35.91 0.49632
35.92 0.496487
35.93 0.496614
35.94 0.49646
35.95 0.496447
35.96 0.496613
35.97 0.49652
35.98 0.496287
35.99 0.496213
36 0.4963
36.01 0.496006
36.02 0.495953
36.03 0.49612
36.04 0.496006
36.05 0.496213
36.06 0.496439
36.07 0.496166
36.08 0.496093
36.09 0.495779
36.1 0.495846
36.11 0.495733
36.12 0.495559
36.13 0.495246
36.14 0.495432
36.15 0.495299
36.16 0.495366
36.17 0.495392
36.18 0.495219
36.19 0.495485
36.2 0.495752
36.21 0.495739
36.22 0.495465
36.23 0.495612
36.24 0.495538
36.25 0.495545
36.26 0.495332
36.27 0.495118
36.28 0.495025
36.29 0.495152
36.3 0.494858
36.31 0.494725
36.32 0.494511
36.33 0.494578
36.34 0.494325
36.35 0.494211
36.36 0.493918
36.37 0.493684
36.38 0.493511
36.39 0.493358
36.4 0.493464
36.41 0.493351
36.42 0.493117
36.43 0.493164
36.44 0.493291
36.45 0.493177
36.46 0.493144
36.47 0.493071
36.48 0.492817
36.49 0.492604
36.5 0.49237
36.51 0.492637
36.52 0.492564
36.53 0.49283
36.54 0.492537
36.55 0.492243
36.56 0.49205
36.57 0.492277
36.58 0.492183
36.59 0.49215
36.6 0.492256
36.61 0.492423
36.62 0.49227
36.63 0.492496
36.64 0.492443
36.65 0.49265
36.66 0.492316
36.67 0.492263
36.68 0.492309
36.69 0.492316
36.7 0.492243
36.71 0.492109
36.72 0.491996
36.73 0.491682
36.74 0.491349
36.75 0.491276
36.76 0.491182
36.77 0.491309
36.78 0.491555
36.79 0.491682
36.8 0.491849
36.805 0.496755
36.815 0.497002
36.825 0.496709
36.835 0.496975
36.845 0.497202
36.855 0.497048
36.865 0.496735
36.875 0.496922
36.885 0.496888
36.895 0.497055
36.905 0.496821
36.915 0.496848
36.925 0.496935
36.935 0.497041
36.945 0.496708
36.955 0.496714
36.965 0.496941
36.975 0.496868
36.985 0.497134
36.995 0.497241
37.005 0.497287
37.015 0.497394
37.025 0.497101
37.035 0.497067
37.045 0.496794
37.055 0.496921
37.065 0.496727
37.075 0.496474
37.085 0.49616
37.095 0.496107
37.105 0.495774
37.115 0.49568
37.125 0.495487
37.135 0.495613
37.145 0.49542
37.155 0.495647
37.165 0.495573
37.175 0.4953
37.185 0.495006
37.195 0.494753
37.205 0.49484
37.215 0.494946
37.225 0.494953
37.235 0.4949
37.245 0.495126
37.255 0.494873
37.265 0.495039
37.275 0.494826
37.285 0.494593
37.295 0.494659
37.305 0.494606
37.315 0.494752
37.325 0.494539
37.335 0.494326
37.345 0.494392
37.355 0.494619
37.365 0.494445
37.375 0.494332
37.385 0.494139
37.395 0.493945
37.405 0.493732
37.415 0.493439
37.425 0.493585
37.435 0.493792
37.445 0.493798
37.455 0.494065
37.465 0.494072
37.475 0.494058
37.485 0.494025
37.495 0.493811
37.505 0.494018
37.515 0.493965
37.525 0.493731
37.535 0.493898
37.545 0.493864
37.555 0.493591
37.565 0.493618
37.575 0.493784
37.585 0.493451
37.595 0.493298
37.605 0.493204
37.615 0.493031
37.625 0.492817
37.635 0.492504
37.645 0.492331
37.655 0.492477
37.665 0.492464
37.675 0.49249
37.685 0.492477
37.695 0.492224
37.705 0.49243
37.715 0.492477
37.725 0.492143
37.735 0.49221
37.745 0.492017
37.755 0.492223
37.765 0.49215
37.775 0.492077
37.78 0.497203
37.79 0.49701
37.8 0.496836
37.815 0.491763
37.82 0.49669
37.83 0.496756
37.84 0.496923
37.85 0.496889
37.86 0.496956
37.87 0.497123
37.88 0.496969
37.89 0.496736
37.9 0.496482
37.91 0.496349
37.92 0.496056
37.93 0.495942
37.94 0.495929
37.95 0.496096
37.96 0.496362
37.97 0.496109
37.98 0.495875
37.99 0.495622
38 0.495509
38.01 0.495395
38.02 0.495522
38.03 0.495428
38.04 0.495575
38.05 0.495622
38.06 0.495348
38.07 0.495455
38.08 0.495701
38.09 0.495848
38.1 0.495855
38.11 0.495781
38.12 0.496048
38.13 0.495755
38.14 0.495781
38.15 0.495948
38.16 0.496074
38.17 0.495961
38.18 0.495968
38.19 0.495774
38.2 0.495881
38.21 0.495727
38.22 0.495574
38.23 0.495481
38.24 0.495247
38.25 0.494994
38.26 0.49512
38.27 0.494967
38.28 0.494754
38.29 0.49448
38.3 0.494307
38.31 0.494354
38.32 0.49418
38.33 0.493927
38.34 0.493973
38.35 0.49374
38.36 0.493687
38.37 0.493533
38.38 0.49364
38.39 0.493666
38.4 0.493513
38.41 0.49366
38.42 0.493466
38.43 0.493613
38.44 0.493639
38.45 0.493366
38.46 0.493413
38.47 0.493259
38.48 0.493106
38.49 0.493033
38.5 0.493159
38.51 0.492866
38.52 0.492952
38.53 0.492859
38.54 0.492866
38.55 0.493112
38.56 0.493139
38.57 0.493045
38.58 0.492912
38.59 0.492619
38.6 0.492665
38.61 0.492472
38.62 0.492318
38.63 0.492305
38.64 0.492372
38.65 0.492118
38.66 0.492365
38.67 0.492132
38.68 0.492018
38.69 0.492005
38.7 0.491851
38.71 0.491658
38.72 0.491865
38.73 0.491871
38.74 0.492098
38.75 0.491904
38.76 0.491651
38.77 0.491898
38.78 0.491924
38.785 0.496691
38.795 0.496677
38.805 0.496404
38.815 0.496491
38.825 0.496237
38.835 0.496044
38.845 0.496051
38.855 0.496097
38.865 0.496344
38.875 0.49651
38.885 0.496537
38.895 0.496784
38.905 0.49695
38.915 0.496937
38.925 0.497063
38.935 0.49723
38.945 0.496957
38.955 0.496783
38.965 0.49683
38.975 0.496856
38.985 0.497103
38.995 0.49733
39.005 0.497196
39.015 0.496863
39.025 0.49663
39.035 0.496356
39.045 0.496383
39.055 0.496489
39.065 0.496296
39.075 0.496303
39.085 0.496229
39.095 0.496096
39.105 0.496202
39.115 0.496029
39.125 0.496056
39.135 0.495942
39.145 0.496069
39.155 0.496115
39.165 0.496102
39.175 0.496369
39.185 0.496415
39.195 0.496262
39.205 0.496529
39.215 0.496675
39.225 0.496502
39.235 0.496268
39.245 0.496335
39.255 0.496242
39.265 0.495988
39.275 0.495915
39.285 0.495701
39.295 0.495668
39.305 0.495475
39.315 0.495661
39.325 0.495568
39.335 0.495614
39.345 0.495721
39.355 0.495508
39.365 0.495654
39.375 0.495601
39.385 0.495688
39.395 0.495674
39.405 0.495581
39.415 0.495707
39.425 0.495454
39.435 0.495381
39.445 0.495647
39.455 0.495474
39.465 0.49574
39.475 0.495867
39.485 0.495774
39.495 0.49586
39.505 0.495927
39.515 0.496133
39.525 0.49588
39.535 0.495647
39.545 0.495713
39.555 0.4957
39.565 0.495387
39.575 0.495413
39.585 0.49524
39.595 0.495346
39.605 0.495233
39.615 0.49534
39.625 0.495146
39.635 0.495253
39.645 0.494919
39.655 0.494766
39.665 0.494513
39.675 0.494359
39.685 0.494526
39.695 0.494192
39.705 0.493919
39.715 0.494166
39.725 0.493852
39.735 0.494079
39.745 0.494245
39.755 0.494232
39.765 0.494019
39.775 0.493785
39.785 0.493892
39.795 0.493719
39.805 0.493905
39.815 0.494172
39.825 0.493918
39.835 0.493585
39.845 0.493352
39.855 0.493478
39.865 0.493205
39.875 0.492991
39.885 0.492798
39.895 0.492565
39.905 0.492271
39.915 0.492118
39.925 0.492024
39.935 0.492271
39.945 0.492498
39.955 0.492304
39.965 0.492051
39.975 0.492078
39.985 0.492024
39.995 0.492251
40.005 0.491997
40.015 0.492244
40.025 0.491991
40.035 0.491737
40.045 0.491844
40.055 0.49173
40.065 0.491537
40.075 0.491624
40.085 0.49183
40.095 0.491537
40.105 0.491403
40.115 0.49133
40.125 0.490997
40.135 0.490923
40.145 0.49099
40.155 0.490697
40.16 0.495683
40.17 0.49587
40.18 0.495616
40.19 0.495563
40.2 0.49581
40.21 0.495476
40.22 0.495323
40.23 0.495409
40.24 0.495316
40.25 0.495123
40.26 0.494869
40.27 0.494836
40.28 0.494642
40.29 0.494889
40.3 0.494996
40.31 0.494822
40.32 0.494509
40.33 0.494416
40.34 0.494462
40.35 0.494609
40.36 0.494355
40.37 0.494582
40.38 0.494749
40.39 0.494835
40.4 0.495002
40.41 0.495148
40.42 0.494955
40.43 0.494962
40.44 0.494968
40.45 0.494675
40.46 0.494641
40.47 0.494708
40.48 0.494495
40.49 0.494421
40.5 0.494508
40.51 0.494575
40.52 0.494341
40.53 0.494488
40.54 0.494554
40.55 0.494361
40.56 0.494068
40.57 0.493774
40.58 0.493921
40.59 0.493687
40.6 0.493514
40.61 0.493581
40.62 0.493607
40.63 0.493794
40.64 0.49384
40.65 0.493887
40.66 0.493654
40.67 0.49346
40.68 0.493727
40.69 0.493474
40.7 0.49356
40.71 0.493427
40.72 0.493593
40.73 0.49364
40.74 0.493527
40.75 0.493273
40.76 0.49336
40.77 0.493306
40.775 0.498373
40.79 0.49338
40.8 0.493406
40.81 0.493333
40.815 0.498319
40.825 0.498286
40.835 0.497973
40.845 0.497639
40.855 0.497386
40.865 0.497633
40.88 0.492479
40.89 0.492726
40.9 0.492532
40.91 0.492659
40.92 0.492386
40.93 0.492272
40.94 0.492299
40.945 0.497145
40.955 0.496812
40.965 0.496499
40.975 0.496405
40.985 0.496432
40.995 0.496218
41.005 0.495925
41.015 0.495932
41.025 0.496178
41.035 0.496245
41.045 0.495952
41.055 0.495638
41.065 0.495325
41.075 0.495351
41.085 0.495618
41.095 0.495765
41.105 0.495991
41.115 0.496098
41.125 0.496304
41.135 0.496051
41.145 0.495738
41.155 0.495544
41.165 0.495811
41.175 0.495897
41.185 0.495684
41.195 0.495811
41.205 0.496077
41.215 0.495904
41.225 0.496171
41.235 0.496297
41.245 0.496104
41.255 0.49611
41.265 0.496057
41.275 0.496084
41.285 0.49629
41.295 0.496377
41.305 0.496503
41.315 0.49673
41.325 0.496697
41.335 0.496663
41.345 0.49639
41.355 0.496576
41.365 0.496803
41.375 0.49649
41.385 0.496676
41.395 0.496883
41.405 0.49695
41.415 0.496996
41.425 0.497043
41.435 0.496929
41.445 0.496916
41.455 0.496963
41.465 0.497189
41.475 0.497096
41.485 0.497182
41.495 0.496909
41.505 0.497096
41.515 0.497242
41.525 0.497209
41.535 0.497215
41.545 0.497342
41.555 0.497469
41.565 0.497295
41.575 0.497322
41.585 0.497489
41.595 0.497675
41.605 0.497862
41.615 0.497968
41.625 0.498075
41.635 0.498202
41.645 0.498008
41.655 0.498055
41.665 0.498041
41.675 0.497888
41.685 0.498035
41.695 0.497881
41.705 0.497668
41.715 0.497554
41.725 0.497721
41.735 0.497708
41.745 0.497654
41.755 0.497901
41.765 0.497748
41.775 0.497834
41.785 0.497721
41.795 0.497387
41.805 0.497534
41.815 0.497381
41.825 0.497267
41.835 0.497494
41.845 0.49754
41.855 0.497767
41.865 0.497794
41.875 0.49752
41.885 0.497247
41.895 0.497113
41.905 0.49694
41.915 0.496967
41.925 0.497073
41.935 0.4972
41.945 0.497027
41.955 0.496773
41.965 0.49692
41.975 0.496806
41.985 0.496633
41.995 0.49674
42.005 0.496686
42.015 0.496433
42.025 0.496639
42.035 0.496806
42.045 0.496573
42.055 0.496419
42.065 0.496446
42.075 0.496472
42.085 0.496159
42.095 0.496046
42.105 0.495752
42.115 0.495959
42.125 0.495846
42.135 0.496052
42.145 0.495819
42.155 0.495665
42.165 0.495592
42.175 0.495619
42.185 0.495585
42.195 0.495492
42.205 0.495678
42.215 0.495945
42.225 0.496112
42.235 0.496038
42.245 0.496005
42.255 0.495851
42.265 0.496018
42.275 0.495885
42.285 0.495951
42.295 0.495998
42.305 0.496205
42.315 0.496211
42.325 0.496338
42.335 0.496124
42.345 0.496191
42.355 0.496038
42.365 0.495784
42.375 0.496051
42.385 0.495917
42.395 0.495864
42.405 0.495711
42.415 0.495837
42.425 0.495524
42.435 0.49535
42.445 0.495357
42.455 0.495144
42.465 0.49495
42.475 0.494957
42.485 0.495064
42.495 0.49503
42.505 0.495117
42.515 0.495043
42.525 0.49515
42.535 0.495097
42.545 0.494923
42.555 0.49515
42.565 0.495356
42.575 0.495423
42.585 0.49539
42.595 0.495136
42.605 0.495163
42.615 0.494949
42.625 0.494716
42.635 0.494843
42.645 0.494849
42.655 0.494676
42.665 0.494422
42.675 0.494189
42.685 0.494376
42.695 0.494602
42.705 0.494609
42.715 0.494816
42.725 0.494582
42.735 0.494289
42.745 0.494495
42.755 0.494422
42.765 0.494189
42.775 0.493875
42.785 0.493662
42.795 0.493328
42.805 0.493595
42.815 0.493822
42.825 0.493708
42.835 0.493735
42.845 0.493841
42.855 0.494048
42.865 0.493755
42.875 0.493941
42.885 0.493868
42.895 0.493795
42.905 0.493901
42.915 0.494168
42.925 0.494054
42.935 0.494061
42.945 0.493808
42.955 0.493674
42.965 0.493561
42.975 0.493727
42.985 0.493614
42.995 0.493521
43.005 0.493387
43.015 0.493634
43.025 0.4934
43.035 0.493247
43.045 0.493114
43.055 0.49322
43.065 0.493287
43.075 0.493414
43.085 0.49336
43.095 0.493367
43.105 0.493093
43.115 0.4928
43.12 0.497887
43.135 0.492973
43.145 0.49272
43.15 0.497606
43.16 0.497673
43.17 0.49758
43.18 0.497426
43.19 0.497193
43.2 0.497099
43.215 0.492046
43.22 0.497293
43.23 0.497499
43.24 0.497546
43.25 0.497673
43.26 0.497779
43.27 0.497446
43.28 0.497292
43.29 0.497079
43.3 0.497086
43.31 0.497232
43.32 0.496959
43.33 0.496745
43.34 0.496992
43.35 0.496899
43.36 0.496865
43.37 0.496792
43.38 0.496558
43.39 0.496505
43.4 0.496312
43.41 0.496158
43.42 0.496205
43.43 0.496112
43.44 0.496258
43.45 0.496145
43.46 0.496371
43.47 0.496518
43.48 0.496265
43.49 0.496371
43.5 0.496418
43.51 0.496484
43.52 0.496651
43.53 0.496618
43.54 0.496344
43.55 0.496311
43.56 0.496257
43.57 0.496084
43.58 0.495851
43.59 0.495577
43.6 0.495464
43.61 0.495591
43.62 0.495717
43.63 0.495944
43.64 0.49585
43.65 0.495977
43.66 0.495644
43.67 0.49557
43.68 0.495717
43.69 0.495903
43.7 0.49615
43.71 0.496197
43.72 0.496243
43.73 0.49617
43.74 0.496336
43.75 0.496283
43.76 0.49651
43.77 0.496416
43.78 0.496243
43.79 0.49639
43.8 0.496536
43.81 0.496543
43.82 0.496569
43.83 0.496836
43.84 0.496683
43.85 0.496589
43.86 0.496576
43.87 0.496402
43.88 0.496349
43.89 0.496436
43.9 0.496502
43.91 0.496449
43.92 0.496155
43.93 0.495942
43.94 0.496129
43.95 0.495815
43.96 0.495482
43.97 0.495329
43.98 0.495135
43.99 0.495022
44 0.495148
44.01 0.495415
44.02 0.495642
44.03 0.495428
44.04 0.495675
44.05 0.495761
44.06 0.495568
44.07 0.495335
44.08 0.495341
44.09 0.495048
44.1 0.495074
44.11 0.494761
44.12 0.494928
44.13 0.494734
44.14 0.494901
44.15 0.495068
44.16 0.494834
44.17 0.494701
44.18 0.494407
44.19 0.494594
44.2 0.494481
44.21 0.494647
44.22 0.494614
44.23 0.4944
44.24 0.494267
44.25 0.494274
44.26 0.49394
44.27 0.494047
44.28 0.494173
44.29 0.49402
44.3 0.493947
44.31 0.494213
44.32 0.49392
44.33 0.494167
44.34 0.494073
44.35 0.49408
44.36 0.494126
44.37 0.494033
44.38 0.49386
44.39 0.493966
44.4 0.493793
44.41 0.493499
44.42 0.493646
44.43 0.493433
44.44 0.493439
44.45 0.493386
44.46 0.493412
44.47 0.493339
44.48 0.493426
44.49 0.493272
44.5 0.493139
44.51 0.492806
44.52 0.492712
44.53 0.492959
44.54 0.493125
44.55 0.492812
44.56 0.492559
44.57 0.492805
44.58 0.492952
44.59 0.492718
44.6 0.492865
44.61 0.492872
44.62 0.492898
44.625 0.497605
44.64 0.492491
44.65 0.492738
44.66 0.492545
44.665 0.497511
44.675 0.497318
44.685 0.497405
44.695 0.497491
44.705 0.497418
44.715 0.497444
44.725 0.497351
44.735 0.497338
44.745 0.497184
44.755 0.497331
44.765 0.497117
44.775 0.496944
44.785 0.497211
44.795 0.497117
44.805 0.497164
44.815 0.49711
44.825 0.496937
44.835 0.496844
44.845 0.49669
44.855 0.496957
44.865 0.497044
44.875 0.49703
44.885 0.497257
44.895 0.497323
44.905 0.49745
44.915 0.497337
44.925 0.497463
44.935 0.49761
44.945 0.497296
44.955 0.497283
44.965 0.49755
44.975 0.497616
44.985 0.497743
44.995 0.497849
45.005 0.498036
45.015 0.497703
45.025 0.497869
45.035 0.497996
45.045 0.497983
45.055 0.498229
45.065 0.497996
45.075 0.497902
45.085 0.497749
45.095 0.497456
45.105 0.497682
45.115 0.497429
45.125 0.497155
45.135 0.497202
45.145 0.497349
45.155 0.497015
45.165 0.496922
45.175 0.496888
45.185 0.496975
45.195 0.496942
45.205 0.496668
45.215 0.496815
45.225 0.497022
45.235 0.496748
45.245 0.496735
45.255 0.496441
45.265 0.496688
45.275 0.496655
45.285 0.496661
45.295 0.496568
45.305 0.496314
45.315 0.496041
45.325 0.496148
45.335 0.496194
45.345 0.495981
45.355 0.496247
45.365 0.496294
45.375 0.496081
45.385 0.495867
45.395 0.495594
45.405 0.495441
45.415 0.495287
45.425 0.495174
45.435 0.4954
45.445 0.495227
45.455 0.495474
45.465 0.49548
45.475 0.495607
45.485 0.495813
45.495 0.49554
45.505 0.495247
45.515 0.495173
45.525 0.49494
45.535 0.494746
45.545 0.494893
45.555 0.49482
45.565 0.494766
45.575 0.494553
45.585 0.494279
45.595 0.494146
45.605 0.494273
45.615 0.494379
45.625 0.494246
45.635 0.494313
45.645 0.494299
45.655 0.494286
45.665 0.494472
45.675 0.494559
45.685 0.494586
45.695 0.494472
45.705 0.494379
45.715 0.494645
45.725 0.494432
45.735 0.494299
45.745 0.494225
45.755 0.494472
45.765 0.494338
45.775 0.494025
45.785 0.494232
45.795 0.494258
45.805 0.494045
45.815 0.493792
45.825 0.493618
45.835 0.493545
45.845 0.493611
45.855 0.493378
45.865 0.493305
45.875 0.493071
45.885 0.492838
45.895 0.492504
45.905 0.492491
45.915 0.492618
45.925 0.492804
45.935 0.492931
45.945 0.493197
45.955 0.493164
45.965 0.493231
45.975 0.492897
45.985 0.492664
45.995 0.492571
46.005 0.492617
46.015 0.492624
46.025 0.49235
46.035 0.492577
46.045 0.492724
46.055 0.49279
46.065 0.492937
46.07 0.497943
46.08 0.49775
46.09 0.497497
46.1 0.497723
46.11 0.49759
46.12 0.497576
46.13 0.497583
46.14 0.49757
46.15 0.497776
46.16 0.497583
46.17 0.49785
46.18 0.497676
46.19 0.497483
46.2 0.497369
46.21 0.497476
46.22 0.497263
46.23 0.497209
46.24 0.497276
46.25 0.497222
46.26 0.497249
46.27 0.497196
46.28 0.497062
46.29 0.497129
46.3 0.497195
46.31 0.497182
46.32 0.497269
46.33 0.497475
46.34 0.497422
46.35 0.497089
46.36 0.497055
46.37 0.497082
46.38 0.497068
46.39 0.496795
46.4 0.496522
46.41 0.496608
46.42 0.496315
46.43 0.496361
46.44 0.496488
46.45 0.496335
46.46 0.496441
46.47 0.496708
46.48 0.496734
46.49 0.496781
46.5 0.496628
46.51 0.496674
46.52 0.496401
46.53 0.496208
46.54 0.496454
46.55 0.496481
46.56 0.496327
46.57 0.496454
46.58 0.496161
46.59 0.496047
46.6 0.496094
46.61 0.49592
46.62 0.495967
46.63 0.495814
46.64 0.49558
46.65 0.495387
46.66 0.495053
46.67 0.49524
46.68 0.495367
46.69 0.495353
46.7 0.49522
46.71 0.495007
46.72 0.494933
46.73 0.49506
46.74 0.494806
46.75 0.494733
46.76 0.49468
46.77 0.494926
46.78 0.494993
46.79 0.495039
46.8 0.495246
46.81 0.495013
46.82 0.494899
46.83 0.494686
46.84 0.494372
46.85 0.494519
46.86 0.494346
46.87 0.494392
46.88 0.494419
46.89 0.494206
46.9 0.494152
46.91 0.494339
46.92 0.494545
46.93 0.494672
46.94 0.494679
46.95 0.494925
46.96 0.495012
46.97 0.495198
46.98 0.495125
46.99 0.494912
47 0.495118
47.01 0.494925
47.02 0.494871
47.03 0.495138
47.04 0.495345
47.05 0.495591
47.06 0.495678
47.07 0.495405
47.08 0.495071
47.09 0.494938
47.1 0.494884
47.11 0.494891
47.12 0.495058
47.13 0.495044
47.14 0.494991
47.15 0.494797
47.16 0.494584
47.17 0.494391
47.18 0.494257
47.19 0.493964
47.2 0.49371
47.21 0.493437
47.22 0.493344
47.23 0.49313
47.24 0.492877
47.245 0.498144
47.255 0.49833
47.27 0.493477
47.28 0.493263
47.29 0.49313
47.3 0.493237
47.31 0.492963
47.32 0.49277
47.325 0.497676
47.335 0.497743
47.345 0.49769
47.355 0.497536
47.365 0.497663
47.375 0.497409
47.385 0.497676
47.395 0.497463
47.405 0.497249
47.415 0.497516
47.425 0.497423
47.435 0.497109
47.45 0.492276
47.46 0.492482
47.47 0.492709
47.48 0.492816
47.49 0.492522
47.5 0.492229
47.51 0.492215
47.52 0.492482
47.53 0.492709
47.54 0.492755
47.55 0.492582
47.56 0.492508
47.57 0.492355
47.58 0.492482
47.59 0.492708
47.6 0.492555
47.61 0.492422
47.62 0.492488
47.63 0.492555
47.64 0.492681
47.65 0.492888
47.655 0.498095
47.665 0.498181
47.675 0.498448
47.685 0.498714
47.695 0.498961
47.705 0.498868
47.715 0.498574
47.725 0.498521
47.735 0.498307
47.745 0.498294
47.755 0.498281
47.765 0.497947
47.775 0.498014
47.785 0.497821
47.795 0.497887
47.805 0.497954
47.815 0.49766
47.825 0.497427
47.835 0.497274
47.845 0.4971
47.855 0.497067
47.865 0.496753
47.875 0.49676
47.885 0.496787
47.895 0.496833
47.905 0.49696
47.915 0.496706
47.925 0.496893
47.935 0.49704
47.945 0.497066
47.955 0.497233
47.965 0.49692
47.975 0.496886
47.985 0.496573
47.995 0.496579
48.005 0.496726
48.015 0.496433
48.025 0.496359
48.035 0.496326
48.045 0.496252
48.055 0.496119
48.065 0.496166
48.075 0.496432
48.085 0.496319
48.095 0.496285
48.105 0.496412
48.115 0.496659
48.125 0.496485
48.135 0.496252
48.145 0.496099
48.155 0.495785
48.165 0.495632
48.175 0.495538
48.185 0.495605
48.195 0.495272
48.205 0.495078
48.215 0.495205
48.225 0.495411
48.235 0.495578
48.245 0.495665
48.255 0.495691
48.265 0.495738
48.275 0.495404
48.285 0.495391
48.295 0.495378
48.305 0.495644
48.315 0.495331
48.325 0.495237
48.335 0.495284
48.345 0.495211
48.355 0.495377
48.365 0.495184
48.375 0.495371
48.385 0.495437
48.395 0.495604
48.405 0.49563
48.415 0.495757
48.425 0.495784
48.435 0.49559
48.445 0.495737
48.455 0.495683
48.465 0.49583
48.475 0.495977
48.485 0.496203
48.495 0.49605
48.505 0.495976
