0.013 615385
0.021 761905
0.029 827586
0.037 864865
0.045 888889
0.053 905660
0.061 918033
0.069 927536
0.077 935065
0.085 941176
0.093 946237
0.101 950495
0.109 954128
0.117 957265
0.125 960000
0.133 962406
0.141 964539
0.149 966443
0.157 968153
0.165 969697
0.173 971098
0.181 972376
0.189 973545
0.197 974619
0.205 975610
0.213 976526
0.221 977376
0.229 978166
0.237 978903
0.245 979592
0.253 980237
0.261 980843
0.269 981413
0.277 981949
0.285 982456
0.293 982935
0.301 983389
0.309 983819
0.317 984227
0.325 984615
0.333 984985
0.341 985337
0.349 985673
0.357 985994
0.365 986301
0.373 986595
0.381 986877
0.389 987147
0.397 987406
0.405 987654
0.413 987893
0.421 988124
0.429 988345
0.437 988558
0.445 988764
0.453 988962
0.461 989154
0.469 989339
0.477 989518
0.485 989691
0.493 989858
0.501 990020
0.509 990177
0.517 990329
0.525 990476
0.533 990619
0.541 990758
0.549 990893
0.557 991023
0.565 991150
0.573 991274
0.581 991394
0.589 991511
0.597 991625
0.605 991736
0.613 991843
0.621 991948
0.629 992051
0.637 992151
0.645 992248
0.653 992343
0.661 992436
0.669 992526
0.677 992614
0.685 992701
0.693 992785
0.701 992867
0.709 992948
0.717 993026
0.725 993103
0.733 993179
0.741 993252
0.749 993324
0.757 993395
0.765 993464
0.773 993532
0.781 993598
0.789 993663
0.797 993726
0.805 993789
0.813 993850
0.821 993910
0.829 993969
0.837 994026
0.845 994083
0.853 994138
0.861 994193
0.869 994246
0.877 994299
0.885 994350
0.893 994401
0.901 994451
0.909 994499
0.917 994547
0.925 994595
0.933 994641
0.941 994687
0.949 994731
0.957 994775
0.965 994819
0.973 994861
0.981 994903
0.989 994944
0.997 994985
1.005 995025
1.013 995064
1.021 995103
1.029 995141
1.037 995178
1.045 995215
1.053 995252
0.655 989313
1.061 995287
1.069 995323
0.67 991045
1.077 995357
0.68 988235
1.085 995392
1.093 995425
0.695 989928
1.101 995459
1.109 995491
0.71 991549
1.117 995524
0.72 988889
1.125 995556
1.133 995587
0.735 990476
1.141 995618
1.149 995648
0.75 992000
1.157 995678
0.76 989474
1.165 995708
1.173 995737
0.775 990968
1.181 995766
1.189 995795
0.79 992405
1.197 995823
0.8 990000
1.205 995851
1.213 995878
0.815 991411
1.221 995905
1.229 995932
0.83 992771
1.237 995958
0.84 990476
1.245 995984
1.253 996010
0.855 991813
1.261 996035
1.269 996060
0.87 993103
1.277 996085
0.88 990909
1.285 996109
1.293 996133
0.895 992179
1.301 996157
1.309 996180
0.91 993407
1.317 996203
0.92 991304
1.325 996226
1.333 996249
0.935 992513
1.341 996271
1.349 996294
0.95 993684
1.357 996315
0.96 991667
1.365 996337
1.373 996358
0.975 992821
1.381 996379
1.389 996400
0.99 993939
1.397 996421
1 992000
1.405 996441
1.413 996461
1.015 993103
1.421 996481
1.429 996501
1.03 994175
1.437 996521
1.04 992308
1.445 996540
1.453 996559
1.055 993365
1.461 996578
1.469 996596
1.07 994393
1.477 996615
1.08 992593
1.485 996633
1.493 996651
1.095 993607
1.501 996669
1.509 996687
1.11 994595
1.517 996704
1.12 992857
1.525 996721
1.533 996738
1.135 993833
1.541 996755
1.549 996772
1.15 994783
1.557 996789
1.16 993103
1.565 996805
1.573 996821
1.175 994043
1.581 996837
1.589 996853
1.19 994958
1.597 996869
1.2 993333
1.605 996885
1.613 996900
1.215 994239
1.621 996915
1.629 996931
1.23 995122
1.637 996946
1.24 993548
1.645 996960
1.653 996975
1.255 994422
1.661 996990
1.669 997004
1.27 995276
1.677 997018
1.28 993750
1.685 997033
1.693 997047
1.295 994595
1.701 997061
1.709 997074
1.31 995420
1.717 997088
1.32 993939
1.725 997101
1.733 997115
1.335 994757
1.741 997128
1.749 997141
1.35 995556
1.757 997154
1.36 994118
1.765 997167
1.773 997180
1.375 994909
1.781 997193
1.789 997205
1.39 995683
1.797 997218
1.4 994286
1.805 997230
1.813 997242
1.415 995053
1.821 997254
1.829 997266
1.43 995804
1.837 997278
1.44 994444
1.845 997290
1.853 997302
1.455 995189
1.861 997313
1.869 997325
1.47 995918
1.877 997336
1.48 994595
1.885 997347
1.893 997359
1.495 995318
1.901 997370
1.909 997381
1.51 996026
1.917 997392
1.52 994737
1.925 997403
1.933 997413
1.535 995440
1.941 997424
1.949 997435
1.55 996129
1.957 997445
1.56 994872
1.965 997455
1.973 997466
1.575 995556
1.981 997476
1.989 997486
1.59 996226
1.997 997496
1.6 995000
2.005 997506
2.013 997516
1.615 995666
2.021 997526
2.029 997536
1.63 996319
2.037 997545
1.64 995122
2.045 997555
2.053 997565
1.655 995770
2.061 997574
2.069 997583
1.67 996407
2.077 997593
1.68 995238
2.085 997602
2.093 997611
1.695 995870
2.101 997620
2.109 997629
1.71 996491
2.117 997638
1.72 995349
2.125 997647
2.133 997656
1.735 995965
2.141 997665
2.149 997673
1.75 996571
2.157 997682
1.76 995455
2.165 997691
2.173 997699
1.775 996056
2.181 997707
2.189 997716
1.79 996648
2.197 997724
1.8 995556
2.205 997732
2.213 997741
1.815 996143
2.221 997749
2.229 997757
1.83 996721
2.237 997765
1.84 995652
2.245 997773
2.253 997781
1.855 996226
2.261 997789
2.269 997796
1.87 996791
2.277 997804
1.88 995745
2.285 997812
2.293 997819
1.895 996306
2.301 997827
2.309 997835
1.91 996859
2.317 997842
1.92 995833
2.325 997849
2.333 997857
1.935 996382
2.341 997864
2.349 997871
1.95 996923
2.357 997879
1.96 995918
2.365 997886
2.373 997893
1.975 996456
2.381 997900
2.389 997907
1.99 996985
2.397 997914
2 996000
2.405 997921
2.413 997928
2.015 996526
2.421 997935
2.429 997942
2.03 997044
2.437 997948
2.04 996078
2.445 997955
2.453 997962
2.055 996594
2.461 997968
2.469 997975
2.07 997101
2.477 997981
2.08 996154
2.485 997988
2.493 997994
2.095 996659
2.501 998001
2.509 998007
2.11 997156
2.517 998014
2.12 996226
2.525 998020
2.533 998026
2.135 996721
2.541 998032
2.549 998038
2.15 997209
2.557 998045
2.16 996296
2.565 998051
2.573 998057
2.175 996782
2.581 998063
2.589 998069
2.19 997260
2.597 998075
2.2 996364
2.605 998081
2.613 998086
2.215 996840
2.621 998092
2.629 998098
2.23 997309
2.637 998104
2.24 996429
2.645 998110
2.653 998115
2.255 996896
2.661 998121
2.669 998127
2.27 997357
2.677 998132
2.28 996491
2.685 998138
2.693 998143
2.295 996950
2.701 998149
2.709 998154
2.31 997403
2.717 998160
2.32 996552
2.725 998165
2.733 998171
2.335 997002
2.741 998176
2.749 998181
2.35 997447
2.757 998186
2.36 996610
2.765 998192
2.773 998197
2.375 997053
2.781 998202
2.789 998207
2.39 997490
2.797 998212
2.4 996667
2.805 998217
2.813 998223
2.415 997101
2.821 998228
2.829 998233
2.43 997531
2.837 998238
2.44 996721
2.845 998243
2.853 998247
2.455 997149
2.861 998252
2.869 998257
2.47 997571
2.877 998262
2.48 996774
2.885 998267
2.893 998272
2.495 997194
2.901 998276
2.909 998281
2.51 997610
2.917 998286
2.52 996825
2.925 998291
2.933 998295
2.535 997239
2.941 998300
2.949 998305
2.55 997647
2.957 998309
2.56 996875
2.965 998314
2.973 998318
2.575 997282
2.981 998323
2.989 998327
2.59 997683
2.997 998332
2.6 996923
3.005 998336
3.013 998341
2.615 997323
3.021 998345
3.029 998349
2.63 997719
3.037 998354
2.64 996970
3.045 998358
3.053 998362
2.655 997363
3.061 998367
3.069 998371
2.67 997753
3.077 998375
2.68 997015
3.085 998379
3.093 998383
2.695 997403
3.101 998388
3.109 998392
2.71 997786
3.117 998396
2.72 997059
3.125 998400
3.133 998404
2.735 997441
3.141 998408
3.149 998412
2.75 997818
3.157 998416
2.76 997101
3.165 998420
3.173 998424
2.775 997477
3.181 998428
3.189 998432
2.79 997849
3.197 998436
2.8 997143
3.205 998440
3.213 998444
2.815 997513
3.221 998448
3.229 998452
2.83 997880
3.237 998455
2.84 997183
3.245 998459
3.253 998463
2.855 997548
3.261 998467
3.269 998470
2.87 997909
3.277 998474
2.88 997222
3.285 998478
3.293 998482
2.895 997582
3.301 998485
3.309 998489
2.91 997938
3.317 998493
2.92 997260
3.325 998496
3.333 998500
2.935 997615
3.341 998503
3.349 998507
2.95 997966
3.357 998511
2.96 997297
3.365 998514
3.373 998518
2.975 997647
3.381 998521
3.389 998525
2.99 997993
3.397 998528
3 997333
3.405 998532
3.413 998535
3.015 997678
3.421 998538
3.429 998542
3.03 998020
3.437 998545
3.04 997368
3.445 998549
3.453 998552
3.055 997709
3.461 998555
3.469 998559
3.07 998046
3.477 998562
3.08 997403
3.485 998565
3.493 998569
3.095 997738
3.501 998572
3.509 998575
3.11 998071
3.517 998578
3.12 997436
3.525 998582
3.533 998585
3.135 997767
3.541 998588
3.549 998591
3.15 998095
3.557 998594
3.16 997468
3.565 998597
3.573 998601
3.175 997795
3.581 998604
3.589 998607
3.19 998119
3.597 998610
3.2 997500
3.605 998613
3.613 998616
3.215 997823
3.621 998619
3.629 998622
3.23 998142
3.637 998625
3.24 997531
3.645 998628
3.653 998631
3.255 997849
3.661 998634
3.669 998637
3.27 998165
3.677 998640
3.28 997561
3.685 998643
3.693 998646
3.295 997876
3.701 998649
3.709 998652
3.31 998187
3.717 998655
3.32 997590
3.725 998658
3.733 998661
3.335 997901
3.741 998663
3.749 998666
3.35 998209
3.757 998669
3.36 997619
3.765 998672
3.773 998675
3.375 997926
3.781 998678
3.789 998680
3.39 998230
3.797 998683
3.4 997647
3.805 998686
3.813 998689
3.415 997950
3.821 998691
3.829 998694
3.43 998251
3.837 998697
3.44 997674
3.845 998700
3.853 998702
3.455 997974
3.861 998705
3.869 998708
3.47 998271
3.877 998710
3.48 997701
3.885 998713
3.893 998716
3.495 997997
3.901 998718
3.909 998721
3.51 998291
3.917 998724
3.52 997727
3.925 998726
3.933 998729
3.535 998020
3.941 998731
3.949 998734
3.55 998310
3.957 998736
3.56 997753
3.965 998739
3.973 998742
3.575 998042
3.981 998744
3.989 998747
3.59 998329
3.997 998749
3.6 997778
4.005 998752
4.013 998754
3.615 998064
4.021 998757
4.029 998759
3.63 998347
4.037 998761
3.64 997802
4.045 998764
4.053 998766
3.655 998085
4.061 998769
4.069 998771
3.67 998365
4.077 998774
3.68 997826
4.085 998776
4.093 998778
3.695 998106
4.101 998781
4.109 998783
3.71 998383
4.117 998786
3.72 997849
4.125 998788
4.133 998790
3.735 998126
4.141 998793
4.149 998795
3.75 998400
4.157 998797
3.76 997872
4.165 998800
4.173 998802
3.775 998146
4.181 998804
4.189 998806
3.79 998417
4.197 998809
3.8 997895
4.205 998811
4.213 998813
3.815 998165
4.221 998815
4.229 998818
3.83 998433
4.237 998820
3.84 997917
4.245 998822
4.253 998824
3.855 998184
4.261 998827
4.269 998829
3.87 998450
4.277 998831
3.88 997938
4.285 998833
4.293 998835
3.895 998203
4.301 998837
4.309 998840
3.91 998465
4.317 998842
3.92 997959
4.325 998844
4.333 998846
3.935 998221
4.341 998848
4.349 998850
3.95 998481
4.357 998852
3.96 997980
4.365 998855
4.373 998857
3.975 998239
4.381 998859
4.389 998861
3.99 998496
4.397 998863
4 998000
4.405 998865
4.413 998867
4.015 998257
4.421 998869
4.429 998871
4.03 998511
4.437 998873
4.04 998020
4.445 998875
4.453 998877
4.055 998274
4.461 998879
4.469 998881
4.07 998526
4.477 998883
4.08 998039
4.485 998885
4.493 998887
4.095 998291
4.501 998889
4.509 998891
4.11 998540
4.517 998893
4.12 998058
4.525 998895
4.533 998897
4.135 998307
4.541 998899
4.549 998901
4.15 998554
4.557 998903
4.16 998077
4.565 998905
4.573 998907
4.175 998323
4.581 998909
4.589 998910
4.19 998568
4.597 998912
4.2 998095
4.605 998914
4.613 998916
4.215 998339
4.621 998918
4.629 998920
4.23 998582
4.637 998922
4.24 998113
4.645 998924
4.653 998925
4.255 998355
4.661 998927
4.669 998929
4.27 998595
4.677 998931
4.28 998131
4.685 998933
4.693 998935
4.295 998370
4.701 998936
4.709 998938
4.31 998608
4.717 998940
4.32 998148
4.725 998942
4.733 998944
4.335 998385
4.741 998945
4.749 998947
4.35 998621
4.757 998949
4.36 998165
4.765 998951
4.773 998952
4.375 998400
4.781 998954
4.789 998956
4.39 998633
4.797 998958
4.4 998182
4.805 998959
4.813 998961
4.415 998414
4.821 998963
4.829 998965
4.43 998646
4.837 998966
4.44 998198
4.845 998968
4.853 998970
4.455 998429
4.861 998971
4.869 998973
4.47 998658
4.877 998975
4.48 998214
4.885 998976
4.893 998978
4.495 998443
4.901 998980
4.909 998981
4.51 998670
4.917 998983
4.52 998230
4.925 998985
4.933 998986
4.535 998456
4.941 998988
4.949 998990
4.55 998681
4.957 998991
4.56 998246
4.965 998993
4.973 998995
4.575 998470
4.981 998996
4.989 998998
4.59 998693
4.997 998999
4.6 998261
5.005 999001
5.013 999003
4.615 998483
5.021 999004
5.029 999006
4.63 998704
5.037 999007
4.64 998276
5.045 999009
5.053 999010
4.655 998496
5.061 999012
5.069 999014
4.67 998715
5.077 999015
4.68 998291
5.085 999017
5.093 999018
4.695 998509
5.101 999020
5.109 999021
4.71 998726
5.117 999023
4.72 998305
5.125 999024
5.133 999026
4.735 998522
5.141 999027
5.149 999029
4.75 998737
5.157 999030
4.76 998319
5.165 999032
5.173 999033
4.775 998534
5.181 999035
5.189 999036
4.79 998747
5.197 999038
4.8 998333
5.205 999039
5.213 999041
4.815 998546
5.221 999042
5.229 999044
4.83 998758
5.237 999045
4.84 998347
5.245 999047
5.253 999048
4.855 998558
5.261 999050
5.269 999051
4.87 998768
5.277 999052
4.88 998361
5.285 999054
5.293 999055
4.895 998570
5.301 999057
5.309 999058
4.91 998778
5.317 999060
4.92 998374
5.325 999061
5.333 999062
4.935 998582
5.341 999064
5.349 999065
4.95 998788
5.357 999067
4.96 998387
5.365 999068
5.373 999069
4.975 998593
5.381 999071
5.389 999072
4.99 998798
5.397 999074
5 998400
5.405 999075
5.413 999076
5.015 998604
5.421 999078
5.429 999079
5.03 998807
5.437 999080
5.04 998413
5.445 999082
5.453 999083
5.055 998615
5.461 999084
5.469 999086
5.07 998817
5.477 999087
5.08 998425
5.485 999088
5.493 999090
5.095 998626
5.501 999091
5.509 999092
5.11 998826
5.517 999094
5.12 998438
5.525 999095
5.533 999096
5.135 998637
5.541 999098
5.549 999099
5.15 998835
5.557 999100
5.16 998450
5.565 999102
5.573 999103
5.175 998647
5.581 999104
5.589 999105
5.19 998844
5.597 999107
5.2 998462
5.605 999108
5.613 999109
5.215 998658
5.621 999110
5.629 999112
5.23 998853
5.637 999113
5.24 998473
5.645 999114
5.653 999116
5.255 998668
5.661 999117
5.669 999118
5.27 998861
5.677 999119
5.28 998485
5.685 999120
5.693 999122
5.295 998678
5.701 999123
5.709 999124
5.31 998870
5.717 999125
5.32 998496
5.725 999127
5.733 999128
5.335 998688
5.741 999129
5.749 999130
5.35 998879
5.757 999131
5.36 998507
5.765 999133
5.773 999134
5.375 998698
5.781 999135
5.789 999136
5.39 998887
5.797 999137
5.4 998519
5.805 999139
5.813 999140
5.415 998707
5.821 999141
5.829 999142
5.43 998895
5.837 999143
5.44 998529
5.845 999145
5.853 999146
5.455 998717
5.861 999147
5.869 999148
5.47 998903
5.877 999149
5.48 998540
5.885 999150
5.893 999152
5.495 998726
5.901 999153
5.909 999154
5.51 998911
5.917 999155
5.52 998551
5.925 999156
5.933 999157
5.535 998735
5.941 999158
5.949 999160
5.55 998919
5.957 999161
5.56 998561
5.965 999162
5.973 999163
5.575 998744
5.981 999164
5.989 999165
5.59 998927
5.997 999166
5.6 998571
6.005 999167
6.013 999168
5.615 998753
6.021 999170
6.029 999171
5.63 998934
6.037 999172
5.64 998582
6.045 999173
6.053 999174
5.655 998762
6.061 999175
6.069 999176
5.67 998942
6.077 999177
5.68 998592
6.085 999178
6.093 999179
5.695 998771
6.101 999180
6.109 999182
5.71 998949
6.117 999183
5.72 998601
6.125 999184
6.133 999185
5.735 998779
6.141 999186
6.149 999187
5.75 998957
6.157 999188
5.76 998611
6.165 999189
6.173 999190
5.775 998788
6.181 999191
6.189 999192
5.79 998964
6.197 999193
5.8 998621
6.205 999194
6.213 999195
5.815 998796
6.221 999196
6.229 999197
5.83 998971
6.237 999198
5.84 998630
6.245 999199
6.253 999200
5.855 998804
6.261 999201
6.269 999202
5.87 998978
6.277 999203
5.88 998639
6.285 999204
6.293 999205
5.895 998813
6.301 999206
6.309 999207
5.91 998985
6.317 999208
5.92 998649
6.325 999209
6.333 999210
5.935 998821
6.341 999211
6.349 999212
5.95 998992
6.357 999213
5.96 998658
6.365 999214
6.373 999215
5.975 998828
6.381 999216
6.389 999217
5.99 998998
6.397 999218
6 998667
6.405 999219
6.413 999220
6.015 998836
6.421 999221
6.429 999222
6.03 999005
6.437 999223
6.04 998675
6.445 999224
6.453 999225
6.055 998844
6.461 999226
6.469 999227
6.07 999012
6.477 999228
6.08 998684
6.485 999229
6.493 999230
6.095 998852
6.501 999231
6.509 999232
6.11 999018
6.517 999233
6.12 998693
6.525 999234
6.533 999235
6.135 998859
6.541 999236
6.549 999237
6.15 999024
6.557 999237
6.16 998701
6.565 999238
6.573 999239
6.175 998866
6.581 999240
6.589 999241
6.19 999031
6.597 999242
6.2 998710
6.605 999243
6.613 999244
6.215 998874
6.621 999245
6.629 999246
6.23 999037
6.637 999247
6.24 998718
6.645 999248
6.653 999248
6.255 998881
6.661 999249
6.669 999250
6.27 999043
6.677 999251
6.28 998726
6.685 999252
6.693 999253
6.295 998888
6.701 999254
6.709 999255
6.31 999049
6.717 999256
6.32 998734
6.725 999257
6.733 999257
6.335 998895
6.741 999258
6.749 999259
6.35 999055
6.757 999260
6.36 998742
6.765 999261
6.773 999262
6.375 998902
6.781 999263
6.789 999264
6.39 999061
6.797 999264
6.4 998750
6.805 999265
6.813 999266
6.415 998909
6.821 999267
6.829 999268
6.43 999067
6.837 999269
6.44 998758
6.845 999270
6.853 999270
6.455 998916
6.861 999271
6.869 999272
6.47 999073
6.877 999273
6.48 998765
6.885 999274
6.893 999275
6.495 998922
6.901 999275
6.909 999276
6.51 999078
6.917 999277
6.52 998773
6.925 999278
6.933 999279
6.535 998929
6.941 999280
6.949 999280
6.55 999084
6.957 999281
6.56 998780
6.965 999282
6.973 999283
6.575 998935
6.981 999284
6.989 999285
6.59 999090
6.997 999285
6.6 998788
7.005 999286
7.013 999287
6.615 998942
7.021 999288
7.029 999289
6.63 999095
7.037 999289
6.64 998795
7.045 999290
7.053 999291
6.655 998948
7.061 999292
7.069 999293
6.67 999100
7.077 999293
6.68 998802
7.085 999294
7.093 999295
6.695 998954
7.101 999296
7.109 999297
6.71 999106
7.117 999297
6.72 998810
7.125 999298
7.133 999299
6.735 998961
7.141 999300
7.149 999301
6.75 999111
7.157 999301
6.76 998817
7.165 999302
7.173 999303
6.775 998967
7.181 999304
7.189 999304
6.79 999116
7.197 999305
6.8 998824
7.205 999306
7.213 999307
6.815 998973
7.221 999308
7.229 999308
6.83 999122
7.237 999309
6.84 998830
7.245 999310
7.253 999311
6.855 998979
7.261 999311
7.269 999312
6.87 999127
7.277 999313
6.88 998837
7.285 999314
7.293 999314
6.895 998985
7.301 999315
7.309 999316
6.91 999132
7.317 999317
6.92 998844
7.325 999317
7.333 999318
6.935 998991
7.341 999319
7.349 999320
6.95 999137
7.357 999320
6.96 998851
7.365 999321
7.373 999322
6.975 998996
7.381 999323
7.389 999323
6.99 999142
7.397 999324
7 998857
7.405 999325
7.413 999326
7.015 999002
7.421 999326
7.429 999327
7.03 999147
7.437 999328
7.04 998864
7.445 999328
7.453 999329
7.055 999008
7.461 999330
7.469 999331
7.07 999151
7.477 999331
7.08 998870
7.485 999332
7.493 999333
7.095 999013
7.501 999333
7.509 999334
7.11 999156
7.517 999335
7.12 998876
7.525 999336
7.533 999336
7.135 999019
7.541 999337
7.549 999338
7.15 999161
7.557 999338
7.16 998883
7.565 999339
7.573 999340
7.175 999024
7.581 999340
7.589 999341
7.19 999166
7.597 999342
7.2 998889
7.605 999343
7.613 999343
7.215 999030
7.621 999344
7.629 999345
7.23 999170
7.637 999345
7.24 998895
7.645 999346
7.653 999347
7.255 999035
7.661 999347
7.669 999348
7.27 999175
7.677 999349
7.28 998901
7.685 999349
7.693 999350
7.295 999040
7.701 999351
7.709 999351
7.31 999179
7.717 999352
7.32 998907
7.725 999353
7.733 999353
7.335 999046
7.741 999354
7.749 999355
7.35 999184
7.757 999355
7.36 998913
7.765 999356
7.773 999357
7.375 999051
7.781 999357
7.789 999358
7.39 999188
7.797 999359
7.4 998919
7.805 999359
7.813 999360
7.415 999056
7.821 999361
7.829 999361
7.43 999192
7.837 999362
7.44 998925
7.845 999363
7.853 999363
7.455 999061
7.861 999364
7.869 999365
7.47 999197
7.877 999365
7.48 998930
7.885 999366
7.893 999367
7.495 999066
7.901 999367
7.909 999368
7.51 999201
7.917 999368
7.52 998936
7.925 999369
7.933 999370
7.535 999071
7.941 999370
7.949 999371
7.55 999205
7.957 999372
7.56 998942
7.965 999372
7.973 999373
7.575 999076
7.981 999374
7.989 999374
7.59 999209
7.997 999375
8.005 999375
7.605 999343
8.013 999376
7.615 999081
8.021 999377
8.029 999377
7.63 999214
8.037 999378
8.045 999378
7.645 999346
8.053 999379
7.655 999086
8.061 999380
8.069 999380
7.67 999218
8.077 999381
8.085 999382
7.685 999349
8.093 999382
7.695 999090
8.101 999383
8.109 999383
7.71 999222
8.117 999384
8.125 999385
7.725 999353
8.133 999385
7.735 999095
8.141 999386
8.149 999386
7.75 999226
8.157 999387
8.165 999388
7.765 999356
8.173 999388
7.775 999100
8.181 999389
8.189 999389
7.79 999230
8.197 999390
8.205 999391
7.805 999359
8.213 999391
7.815 999104
8.221 999392
8.229 999392
7.83 999234
8.237 999393
8.245 999394
7.845 999363
8.253 999394
7.855 999109
8.261 999395
8.269 999395
7.87 999238
8.277 999396
8.285 999396
7.885 999366
8.293 999397
7.895 999113
8.301 999398
8.309 999398
7.91 999241
8.317 999399
8.325 999399
7.925 999369
8.333 999400
7.935 999118
8.341 999401
8.349 999401
7.95 999245
8.357 999402
8.365 999402
7.965 999372
8.373 999403
7.975 999122
8.381 999403
8.389 999404
7.99 999249
8.397 999405
8.405 999405
8.005 999375
8.413 999406
8.015 999127
8.421 999406
8.429 999407
8.03 999253
8.437 999407
8.445 999408
8.045 999378
8.453 999408
8.055 999131
8.461 999409
8.469 999410
8.07 999257
8.477 999410
8.485 999411
8.085 999382
8.493 999411
8.095 999135
8.501 999412
8.509 999412
8.11 999260
8.517 999413
8.525 999413
8.125 999385
8.533 999414
8.135 999140
8.541 999415
8.549 999415
8.15 999264
8.557 999416
8.565 999416
8.165 999388
8.573 999417
8.175 999144
8.581 999417
8.589 999418
8.19 999267
8.597 999418
8.605 999419
8.205 999391
8.613 999419
8.215 999148
8.621 999420
8.629 999421
8.23 999271
8.637 999421
8.645 999422
8.245 999394
8.653 999422
8.255 999152
8.661 999423
8.669 999423
8.27 999274
8.677 999424
8.685 999424
8.285 999396
8.693 999425
8.295 999156
8.701 999425
8.709 999426
8.31 999278
8.717 999426
8.725 999427
8.325 999399
8.733 999427
8.335 999160
8.741 999428
8.749 999429
8.35 999281
8.757 999429
8.765 999430
8.365 999402
8.773 999430
8.375 999164
8.781 999431
8.789 999431
8.39 999285
8.797 999432
8.805 999432
8.405 999405
8.813 999433
8.415 999168
8.821 999433
8.829 999434
8.43 999288
8.837 999434
8.845 999435
8.445 999408
8.853 999435
8.455 999172
8.861 999436
8.869 999436
8.47 999292
8.877 999437
8.885 999437
8.485 999411
8.893 999438
8.495 999176
8.901 999438
8.909 999439
8.51 999295
8.917 999439
8.925 999440
8.525 999413
8.933 999440
8.535 999180
8.941 999441
8.949 999441
8.55 999298
8.957 999442
8.965 999442
8.565 999416
8.973 999443
8.575 999184
8.981 999443
8.989 999444
8.59 999302
8.997 999444
9.005 999445
8.605 999419
9.013 999445
8.615 999187
9.021 999446
9.029 999446
8.63 999305
9.037 999447
9.045 999447
8.645 999422
9.053 999448
8.655 999191
9.061 999448
9.069 999449
8.67 999308
9.077 999449
9.085 999450
8.685 999424
9.093 999450
8.695 999195
8.71 999311
8.725 999427
8.735 999199
8.75 999314
8.765 999430
8.775 999202
8.79 999317
8.805 999432
8.815 999206
8.83 999320
8.845 999435
8.855 999209
8.87 999324
8.885 999437
8.895 999213
8.91 999327
8.925 999440
8.935 999217
8.95 999330
8.965 999442
8.975 999220
8.99 999333
