0 0.013
0.004 0.017
0.008 0.021
0.012 0.025
0.016 0.029
0.02 0.033
0.024 0.037
0.028 0.041
0.032 0.045
0.036 0.049
0.04 0.053
0.044 0.057
0.048 0.061
0.052 0.065
0.056 0.069
0.06 0.073
0.064 0.077
0.068 0.081
0.072 0.085
0.076 0.089
0.08 0.093
0.084 0.097
0.088 0.101
0.092 0.105
0.096 0.109
0.1 0.113
0.104 0.117
0.108 0.121
0.112 0.125
0.116 0.129
0.12 0.133
0.124 0.137
0.128 0.141
0.132 0.145
0.136 0.149
0.14 0.153
0.144 0.157
0.148 0.161
0.152 0.165
0.156 0.169
0.16 0.173
0.164 0.177
0.168 0.181
0.172 0.185
0.176 0.189
0.18 0.193
0.184 0.197
0.188 0.201
0.192 0.205
0.196 0.209
0.2 0.213
0.204 0.217
0.208 0.221
0.212 0.225
0.216 0.229
0.22 0.233
0.224 0.237
0.228 0.241
0.232 0.245
0.236 0.249
0.24 0.253
0.244 0.257
0.248 0.261
0.252 0.265
0.256 0.269
0.26 0.273
0.264 0.277
0.268 0.281
0.272 0.285
0.276 0.289
0.28 0.293
0.284 0.297
0.288 0.301
0.292 0.305
0.296 0.309
0.3 0.313
0.304 0.317
0.308 0.321
0.312 0.325
0.316 0.329
0.32 0.333
0.324 0.337
0.328 0.341
0.332 0.345
0.336 0.349
0.34 0.353
0.344 0.357
0.348 0.361
0.352 0.365
0.356 0.369
0.36 0.373
0.364 0.377
0.368 0.381
0.372 0.385
0.376 0.389
0.38 0.393
0.384 0.397
0.388 0.401
0.392 0.405
0.4 0.405
0.408 0.405
0.416 0.405
0.424 0.405
0.432 0.405
0.44 0.405
0.448 0.405
0.456 0.405
0.464 0.405
0.472 0.405
0.48 0.405
0.488 0.405
0.496 0.405
0.504 0.405
0.512 0.405
0.52 0.405
0.528 0.405
0.536 0.405
0.544 0.405
0.552 0.405
0.56 0.405
0.568 0.405
0.576 0.405
0.584 0.405
0.592 0.405
0.6 0.405
0.608 0.405
0.616 0.405
0.624 0.405
0.632 0.405
0.64 0.405
0.648 0.405
0.656 0.405
0.664 0.405
0.672 0.405
0.68 0.405
0.688 0.405
0.696 0.405
0.704 0.405
0.712 0.405
0.72 0.405
0.728 0.405
0.736 0.405
0.744 0.405
0.752 0.405
0.76 0.405
0.768 0.405
0.776 0.405
0.784 0.405
0.792 0.405
0.8 0.405
0.808 0.405
0.816 0.405
0.824 0.405
0.832 0.405
0.84 0.405
0.848 0.405
0.856 0.405
0.864 0.405
0.872 0.405
0.88 0.405
0.888 0.405
0.896 0.405
0.904 0.405
0.912 0.405
0.92 0.405
0.928 0.405
0.936 0.405
0.944 0.405
0.952 0.405
0.96 0.405
0.968 0.405
0.976 0.405
0.984 0.405
0.992 0.405
1 0.405
1.008 0.405
1.016 0.405
1.024 0.405
1.032 0.405
1.04 0.405
1.048 0.405
1.056 0.405
1.064 0.405
1.072 0.405
1.08 0.405
1.088 0.405
1.096 0.405
1.104 0.405
1.112 0.405
1.12 0.405
1.128 0.405
1.136 0.405
1.144 0.405
1.152 0.405
1.16 0.405
1.168 0.405
1.176 0.405
1.184 0.405
1.192 0.405
1.2 0.405
1.208 0.405
1.216 0.405
1.224 0.405
1.232 0.405
1.24 0.405
1.248 0.405
1.256 0.405
1.264 0.405
1.272 0.405
1.28 0.405
1.288 0.405
1.296 0.405
1.304 0.405
1.312 0.405
1.32 0.405
1.328 0.405
1.336 0.405
1.344 0.405
1.352 0.405
1.36 0.405
1.368 0.405
1.376 0.405
1.384 0.405
1.392 0.405
1.4 0.405
1.408 0.405
1.416 0.405
1.424 0.405
1.432 0.405
1.44 0.405
1.448 0.405
1.456 0.405
1.464 0.405
1.472 0.405
1.48 0.405
1.488 0.405
1.496 0.405
1.504 0.405
1.512 0.405
1.52 0.405
1.528 0.405
1.536 0.405
1.544 0.405
1.552 0.405
1.56 0.405
1.568 0.405
1.576 0.405
1.584 0.405
1.592 0.405
1.6 0.405
1.608 0.405
1.616 0.405
1.624 0.405
1.632 0.405
1.64 0.405
1.648 0.405
1.656 0.405
1.664 0.405
1.672 0.405
1.68 0.405
1.688 0.405
1.696 0.405
1.704 0.405
1.712 0.405
1.72 0.405
1.728 0.405
1.736 0.405
1.744 0.405
1.752 0.405
1.76 0.405
1.768 0.405
1.776 0.405
1.784 0.405
1.792 0.405
1.8 0.405
1.808 0.405
1.816 0.405
1.824 0.405
1.832 0.405
1.84 0.405
1.848 0.405
1.856 0.405
1.864 0.405
1.872 0.405
1.88 0.405
1.888 0.405
1.896 0.405
1.904 0.405
1.912 0.405
1.92 0.405
1.928 0.405
1.936 0.405
1.944 0.405
1.952 0.405
1.96 0.405
1.968 0.405
1.976 0.405
1.984 0.405
1.992 0.405
2 0.405
2.008 0.405
2.016 0.405
2.024 0.405
2.032 0.405
2.04 0.405
2.048 0.405
2.056 0.405
2.064 0.405
2.072 0.405
2.08 0.405
2.088 0.405
2.096 0.405
2.104 0.405
2.112 0.405
2.12 0.405
2.128 0.405
2.136 0.405
2.144 0.405
2.152 0.405
2.16 0.405
2.168 0.405
2.176 0.405
2.184 0.405
2.192 0.405
2.2 0.405
2.208 0.405
2.216 0.405
2.224 0.405
2.232 0.405
2.24 0.405
2.248 0.405
2.256 0.405
2.264 0.405
2.272 0.405
2.28 0.405
2.288 0.405
2.296 0.405
2.304 0.405
2.312 0.405
2.32 0.405
2.328 0.405
2.336 0.405
2.344 0.405
2.352 0.405
2.36 0.405
2.368 0.405
2.376 0.405
2.384 0.405
2.392 0.405
2.4 0.405
2.408 0.405
2.416 0.405
2.424 0.405
2.432 0.405
2.44 0.405
2.448 0.405
2.456 0.405
2.464 0.405
2.472 0.405
2.48 0.405
2.488 0.405
2.496 0.405
2.504 0.405
2.512 0.405
2.52 0.405
2.528 0.405
2.536 0.405
2.544 0.405
2.552 0.405
2.56 0.405
2.568 0.405
2.576 0.405
2.584 0.405
2.592 0.405
2.6 0.405
2.608 0.405
2.616 0.405
2.624 0.405
2.632 0.405
2.64 0.405
2.648 0.405
2.656 0.405
2.664 0.405
2.672 0.405
2.68 0.405
2.688 0.405
2.696 0.405
2.704 0.405
2.712 0.405
2.72 0.405
2.728 0.405
2.736 0.405
2.744 0.405
2.752 0.405
2.76 0.405
2.768 0.405
2.776 0.405
2.784 0.405
2.792 0.405
2.8 0.405
2.808 0.405
2.816 0.405
2.824 0.405
2.832 0.405
2.84 0.405
2.848 0.405
2.856 0.405
2.864 0.405
2.872 0.405
2.88 0.405
2.888 0.405
2.896 0.405
2.904 0.405
2.912 0.405
2.92 0.405
2.928 0.405
2.936 0.405
2.944 0.405
2.952 0.405
2.96 0.405
2.968 0.405
2.976 0.405
2.984 0.405
2.992 0.405
3 0.405
3.012 0.401
3.02 0.401
3.028 0.401
3.036 0.401
3.044 0.401
3.052 0.401
3.06 0.401
3.068 0.401
3.076 0.401
3.084 0.401
3.092 0.401
3.1 0.401
3.108 0.401
3.116 0.401
3.124 0.401
3.132 0.401
3.14 0.401
3.148 0.401
3.156 0.401
3.164 0.401
3.172 0.401
3.18 0.401
3.188 0.401
3.196 0.401
3.204 0.401
3.212 0.401
3.22 0.401
3.228 0.401
3.236 0.401
3.244 0.401
3.252 0.401
3.26 0.401
3.268 0.401
3.276 0.401
3.284 0.401
3.292 0.401
3.3 0.401
3.308 0.401
3.316 0.401
3.324 0.401
3.332 0.401
3.34 0.401
3.348 0.401
3.356 0.401
3.364 0.401
3.372 0.401
3.38 0.401
3.388 0.401
3.396 0.401
3.404 0.401
3.412 0.401
3.42 0.401
3.428 0.401
3.436 0.401
3.444 0.401
3.452 0.401
3.46 0.401
3.468 0.401
3.476 0.401
3.484 0.401
3.492 0.401
3.5 0.401
3.508 0.401
3.516 0.401
3.524 0.401
3.532 0.401
3.54 0.401
3.548 0.401
3.556 0.401
3.564 0.401
3.572 0.401
3.58 0.401
3.588 0.401
3.596 0.401
3.604 0.401
3.612 0.401
3.62 0.401
3.628 0.401
3.636 0.401
3.644 0.401
3.652 0.401
3.66 0.401
3.668 0.401
3.676 0.401
3.684 0.401
3.692 0.401
3.7 0.401
3.708 0.401
3.716 0.401
3.724 0.401
3.732 0.401
3.74 0.401
3.748 0.401
3.756 0.401
3.764 0.401
3.772 0.401
3.78 0.401
3.788 0.401
3.796 0.401
3.804 0.401
3.812 0.401
3.82 0.401
3.828 0.401
3.836 0.401
3.844 0.401
3.852 0.401
3.86 0.401
3.868 0.401
3.876 0.401
3.884 0.401
3.892 0.401
3.9 0.401
3.908 0.401
3.916 0.401
3.924 0.401
3.932 0.401
3.94 0.401
3.948 0.401
3.956 0.401
3.964 0.401
3.972 0.401
3.98 0.401
3.988 0.401
3.996 0.401
4.004 0.401
4.012 0.401
4.02 0.401
4.028 0.401
4.036 0.401
4.044 0.401
4.052 0.401
4.06 0.401
4.068 0.401
4.076 0.401
4.084 0.401
4.092 0.401
4.1 0.401
4.108 0.401
4.116 0.401
4.124 0.401
4.132 0.401
4.14 0.401
4.148 0.401
4.156 0.401
4.164 0.401
4.172 0.401
4.18 0.401
4.188 0.401
4.196 0.401
4.204 0.401
4.212 0.401
4.22 0.401
4.228 0.401
4.236 0.401
4.244 0.401
4.252 0.401
4.26 0.401
4.268 0.401
4.276 0.401
4.284 0.401
4.292 0.401
4.3 0.401
4.308 0.401
4.316 0.401
4.324 0.401
4.332 0.401
4.34 0.401
4.348 0.401
4.356 0.401
4.364 0.401
4.372 0.401
4.38 0.401
4.388 0.401
4.396 0.401
4.404 0.401
4.412 0.401
4.42 0.401
4.428 0.401
4.436 0.401
4.444 0.401
4.452 0.401
4.46 0.401
4.468 0.401
4.476 0.401
4.484 0.401
4.492 0.401
4.5 0.401
4.508 0.401
4.516 0.401
4.524 0.401
4.532 0.401
4.54 0.401
4.548 0.401
4.556 0.401
4.564 0.401
4.572 0.401
4.58 0.401
4.588 0.401
4.596 0.401
4.604 0.401
4.612 0.401
4.62 0.401
4.628 0.401
4.636 0.401
4.644 0.401
4.652 0.401
4.66 0.401
4.668 0.401
4.676 0.401
4.684 0.401
4.692 0.401
4.7 0.401
4.708 0.401
4.716 0.401
4.724 0.401
4.732 0.401
4.74 0.401
4.748 0.401
4.756 0.401
4.764 0.401
4.772 0.401
4.78 0.401
4.788 0.401
4.796 0.401
4.804 0.401
4.812 0.401
4.82 0.401
4.828 0.401
4.836 0.401
4.844 0.401
4.852 0.401
4.86 0.401
4.868 0.401
4.876 0.401
4.884 0.401
4.892 0.401
4.9 0.401
4.908 0.401
4.916 0.401
4.924 0.401
4.932 0.401
4.94 0.401
4.948 0.401
4.956 0.401
4.964 0.401
4.972 0.401
4.98 0.401
4.988 0.401
4.996 0.401
5.004 0.401
5.012 0.401
5.02 0.401
5.028 0.401
5.036 0.401
5.044 0.401
5.052 0.401
5.06 0.401
5.068 0.401
5.076 0.401
5.084 0.401
5.092 0.401
5.1 0.401
5.108 0.401
5.116 0.401
5.124 0.401
5.132 0.401
5.14 0.401
5.148 0.401
5.156 0.401
5.164 0.401
5.172 0.401
5.18 0.401
5.188 0.401
5.196 0.401
5.204 0.401
5.212 0.401
5.22 0.401
5.228 0.401
5.236 0.401
5.244 0.401
5.252 0.401
5.26 0.401
5.268 0.401
5.276 0.401
5.284 0.401
5.292 0.401
5.3 0.401
5.308 0.401
5.316 0.401
5.324 0.401
5.332 0.401
5.34 0.401
5.348 0.401
5.356 0.401
5.364 0.401
5.372 0.401
5.38 0.401
5.388 0.401
5.396 0.401
5.404 0.401
5.412 0.401
5.42 0.401
5.428 0.401
5.436 0.401
5.444 0.401
5.452 0.401
5.46 0.401
5.468 0.401
5.476 0.401
5.484 0.401
5.492 0.401
5.5 0.401
5.508 0.401
5.516 0.401
5.524 0.401
5.532 0.401
5.54 0.401
5.548 0.401
5.556 0.401
5.564 0.401
5.572 0.401
5.58 0.401
5.588 0.401
5.596 0.401
5.604 0.401
5.612 0.401
5.62 0.401
5.628 0.401
5.636 0.401
5.644 0.401
5.652 0.401
5.66 0.401
5.668 0.401
5.676 0.401
5.684 0.401
5.692 0.401
5.7 0.401
5.708 0.401
5.716 0.401
5.724 0.401
5.732 0.401
5.74 0.401
5.748 0.401
5.756 0.401
5.764 0.401
5.772 0.401
5.78 0.401
5.788 0.401
5.796 0.401
5.804 0.401
5.812 0.401
5.82 0.401
5.828 0.401
5.836 0.401
5.844 0.401
5.852 0.401
5.86 0.401
5.868 0.401
5.876 0.401
5.884 0.401
5.892 0.401
5.9 0.401
5.908 0.401
5.916 0.401
5.924 0.401
5.932 0.401
5.94 0.401
5.948 0.401
5.956 0.401
5.964 0.401
5.972 0.401
5.98 0.401
5.988 0.401
5.996 0.401
6.004 0.401
6.012 0.401
6.02 0.401
6.028 0.401
6.036 0.401
6.044 0.401
6.052 0.401
6.06 0.401
6.068 0.401
6.076 0.401
6.084 0.401
6.092 0.401
6.1 0.401
6.108 0.401
6.116 0.401
6.124 0.401
6.132 0.401
6.14 0.401
6.148 0.401
6.156 0.401
6.164 0.401
6.172 0.401
6.18 0.401
6.188 0.401
6.196 0.401
6.204 0.401
6.212 0.401
6.22 0.401
6.228 0.401
6.236 0.401
6.244 0.401
6.252 0.401
6.26 0.401
6.268 0.401
6.276 0.401
6.284 0.401
6.292 0.401
6.3 0.401
6.308 0.401
6.316 0.401
6.324 0.401
6.332 0.401
6.34 0.401
6.348 0.401
6.356 0.401
6.364 0.401
6.372 0.401
6.38 0.401
6.388 0.401
6.396 0.401
6.404 0.401
6.412 0.401
6.42 0.401
6.428 0.401
6.436 0.401
6.444 0.401
6.452 0.401
6.46 0.401
6.468 0.401
6.476 0.401
6.484 0.401
6.492 0.401
6.5 0.401
6.508 0.401
6.516 0.401
6.524 0.401
6.532 0.401
6.54 0.401
6.548 0.401
6.556 0.401
6.564 0.401
6.572 0.401
6.58 0.401
6.588 0.401
6.596 0.401
6.604 0.401
6.612 0.401
6.62 0.401
6.628 0.401
6.636 0.401
6.644 0.401
6.652 0.401
6.66 0.401
6.668 0.401
6.676 0.401
6.684 0.401
6.692 0.401
6.7 0.401
6.708 0.401
6.716 0.401
6.724 0.401
6.732 0.401
6.74 0.401
6.748 0.401
6.756 0.401
6.764 0.401
6.772 0.401
6.78 0.401
6.788 0.401
6.796 0.401
6.804 0.401
6.812 0.401
6.82 0.401
6.828 0.401
6.836 0.401
6.844 0.401
6.852 0.401
6.86 0.401
6.868 0.401
6.876 0.401
6.884 0.401
6.892 0.401
6.9 0.401
6.908 0.401
6.916 0.401
6.924 0.401
6.932 0.401
6.94 0.401
6.948 0.401
6.956 0.401
6.964 0.401
6.972 0.401
6.98 0.401
6.988 0.401
6.996 0.401
7.004 0.401
7.012 0.401
7.02 0.401
7.028 0.401
7.036 0.401
7.044 0.401
7.052 0.401
7.06 0.401
7.068 0.401
7.076 0.401
7.084 0.401
7.092 0.401
7.1 0.401
7.108 0.401
7.116 0.401
7.124 0.401
7.132 0.401
7.14 0.401
7.148 0.401
7.156 0.401
7.164 0.401
7.172 0.401
7.18 0.401
7.188 0.401
7.196 0.401
7.204 0.401
7.212 0.401
7.22 0.401
7.228 0.401
7.236 0.401
7.244 0.401
7.252 0.401
7.26 0.401
7.268 0.401
7.276 0.401
7.284 0.401
7.292 0.401
7.3 0.401
7.308 0.401
7.316 0.401
7.324 0.401
7.332 0.401
7.34 0.401
7.348 0.401
7.356 0.401
7.364 0.401
7.372 0.401
7.38 0.401
7.388 0.401
7.396 0.401
7.404 0.401
7.412 0.401
7.42 0.401
7.428 0.401
7.436 0.401
7.444 0.401
7.452 0.401
7.46 0.401
7.468 0.401
7.476 0.401
7.484 0.401
7.492 0.401
7.5 0.401
7.508 0.401
7.516 0.401
7.524 0.401
7.532 0.401
7.54 0.401
7.548 0.401
7.556 0.401
7.564 0.401
7.572 0.401
7.58 0.401
7.588 0.401
7.596 0.401
7.604 0.401
7.612 0.401
7.62 0.401
7.628 0.401
7.636 0.401
7.644 0.401
7.652 0.401
7.66 0.401
7.668 0.401
7.676 0.401
7.684 0.401
7.692 0.401
7.7 0.401
7.708 0.401
7.716 0.401
7.724 0.401
7.732 0.401
7.74 0.401
7.748 0.401
7.756 0.401
7.764 0.401
7.772 0.401
7.78 0.401
7.788 0.401
7.796 0.401
7.804 0.401
7.812 0.401
7.82 0.401
7.828 0.401
7.836 0.401
7.844 0.401
7.852 0.401
7.86 0.401
7.868 0.401
7.876 0.401
7.884 0.401
7.892 0.401
7.9 0.401
7.908 0.401
7.916 0.401
7.924 0.401
7.932 0.401
7.94 0.401
7.948 0.401
7.956 0.401
7.964 0.401
7.972 0.401
7.98 0.401
7.988 0.401
7.996 0.401
8.004 0.401
8.012 0.401
8.02 0.401
8.028 0.401
8.036 0.401
8.044 0.401
8.052 0.401
8.06 0.401
8.068 0.401
8.076 0.401
8.084 0.401
8.092 0.401
8.1 0.401
8.108 0.401
8.116 0.401
8.124 0.401
8.132 0.401
8.14 0.401
8.148 0.401
8.156 0.401
8.164 0.401
8.172 0.401
8.18 0.401
8.188 0.401
8.196 0.401
8.204 0.401
8.212 0.401
8.22 0.401
8.228 0.401
8.236 0.401
8.244 0.401
8.252 0.401
8.26 0.401
8.268 0.401
8.276 0.401
8.284 0.401
8.292 0.401
8.3 0.401
8.308 0.401
8.316 0.401
8.324 0.401
8.332 0.401
8.34 0.401
8.348 0.401
8.356 0.401
8.364 0.401
8.372 0.401
8.38 0.401
8.388 0.401
8.396 0.401
8.404 0.401
8.412 0.401
8.42 0.401
8.428 0.401
8.436 0.401
8.444 0.401
8.452 0.401
8.46 0.401
8.468 0.401
8.476 0.401
8.484 0.401
8.492 0.401
8.5 0.401
8.508 0.401
8.516 0.401
8.524 0.401
8.532 0.401
8.54 0.401
8.548 0.401
8.556 0.401
8.564 0.401
8.572 0.401
8.58 0.401
8.588 0.401
8.596 0.401
8.604 0.401
8.612 0.401
8.62 0.401
8.628 0.401
8.636 0.401
8.644 0.401
8.652 0.401
8.66 0.401
8.668 0.401
8.676 0.401
8.684 0.401
8.692 0.401
